1.55
1.55
1.54985
1.5494
1.54866
1.54761
1.54627
1.54464
1.54271
1.54048
1.53796
1.53514
1.53204
1.52864
1.52496
1.52098
1.51672
1.51218
1.50736
1.50225
1.49686
1.49119
1.48524
1.47901
1.4725
1.46572
1.45865
1.45131
1.4437
1.43581
1.42765
1.41922
1.41052
1.40155
1.39232
1.38282
1.37307
1.36305
1.35278
1.34227
1.3315
1.32049
1.30924
1.29776
1.28604
1.2741
1.26194
1.24956
1.23698
1.22419
1.2112
1.19802
1.18465
1.17111
1.15741
1.14354
1.12952
1.11535
1.10105
1.08663
1.07209
1.05745
1.04271
1.02789
1.013
0.998042
0.983039
0.967999
0.952935
0.937859
0.922785
0.907724
0.89269
0.877697
0.862758
0.847887
0.833097
0.818403
0.803817
0.789354
0.775028
0.760853
0.74684
0.733005
0.71936
0.705918
0.692691
0.679693
0.666934
0.654426
0.642181
0.63021
0.618522
0.607128
0.596037
0.585258
0.574798
0.564666
0.554868
0.545411
0.5363
0.52754
0.519137
0.511092
0.50341
0.496093
0.489142
0.482559
0.476344
0.470496
0.465015
0.4599
0.455148
0.450756
0.446723
0.443044
0.439715
0.436731
0.434087
0.431777
0.429796
0.428136
0.426792
0.425755
0.425019
0.424577
0.424419
0.424539
0.424927
0.425575
0.426475
0.427618
0.428994
0.430596
0.432413
0.434437
0.43666
0.439071
0.441661
0.444422
0.447346
0.450422
0.453643
0.457001
0.460485
0.464089
0.467805
0.471623
0.475536
0.479536
0.483615
0.487767
0.491985
0.496261
0.500588
0.50496
0.50937
0.513813
0.518283
0.522773
0.527278
0.531794
0.536314
0.540834
0.545349
0.549855
0.554347
0.558822
0.563276
0.567706
0.572106
0.576476
0.580809
0.585105
0.58936
0.593571
0.597735
0.60185
0.605915
0.609926
0.613882
0.617781
0.62162
0.625399
0.629116
0.632768
0.636354
0.639873
0.643323
0.646703
0.650013
0.65325
0.656414
0.659503
0.662517
0.665453
0.66831
0.671088
0.673786
0.676402
0.678935
0.681385
0.683752
0.686034
0.68823
0.690339
0.692362
0.694298
0.696146
0.697905
0.699575
0.701156
0.702647
0.704047
0.705357
0.706576
0.707705
0.708742
0.709689
0.710546
0.711314
0.711994
0.712586
0.71309
0.713507
0.713838
0.714084
0.714246
0.714326
0.714324
0.714242
0.714083
0.713848
0.713538
0.713157
0.712707
0.71219
0.711609
0.710965
0.710263
0.709505
0.708693
0.707832
0.706924
0.705971
0.704979
0.70395
0.702889
0.7018
0.700686
0.69955
0.698395
0.697226
0.696046
0.694859
0.693669
0.692479
0.691294
0.690118
0.688954
0.687805
0.686675
0.685566
0.684482
0.683428
0.682406
0.681419
0.680469
0.679561
0.678696
0.677876
0.677105
0.676384
0.675717
0.675104
0.674548
0.67405
0.673614
0.673239
0.672926
0.672678
0.672493
0.672373
0.672319
0.672331
0.672409
0.672554
0.672764
0.673042
0.673387
0.673797
0.674274
0.674815
0.67542
0.676091
0.676826
0.677622
0.67848
0.679398
0.680374
0.681407
0.682495
0.683636
0.68483
0.686075
0.687369
0.688711
0.690099
0.691529
0.693001
0.694513
0.696061
0.697645
0.699264
0.700915
0.702595
0.704303
0.706036
0.70779
0.709565
0.711357
0.713165
0.714986
0.716816
0.718656
0.7205
0.722348
0.724196
0.726042
0.727883
0.729718
0.731543
0.733356
0.735154
0.736935
0.738697
0.740437
0.74215
0.743836
0.74549
0.747111
0.748696
0.750243
0.75175
0.753215
0.754635
0.756009
0.757333
0.758606
0.759825
0.76099
0.762098
0.763149
0.76414
0.765074
0.765947
0.76676
0.767512
0.768202
0.76883
0.769398
0.769905
0.770352
0.770743
0.771076
0.771355
0.771581
0.771755
0.771879
0.771957
0.771991
0.771986
0.771944
0.771869
0.771764
0.771633
0.77148
0.77131
0.771128
0.770937
0.770743
0.77055
0.770362
0.770185
0.770024
0.769882
0.769766
0.769679
0.769626
0.769612
0.769641
0.769716
0.769842
0.770022
0.770258
0.770556
0.770917
0.771342
0.771833
0.772391
0.773018
0.773716
0.774484
0.775323
0.776231
0.777208
0.778251
0.779359
0.780532
0.781766
0.78306
0.784411
0.785815
0.787268
0.788767
0.790309
0.79189
0.793508
0.795157
0.796834
0.798534
0.800254
0.80199
0.803736
0.805491
0.80725
0.809009
0.810765
0.812514
0.814253
0.81598
0.81769
0.819381
0.82105
0.822695
0.824313
0.825903
0.827464
0.828991
0.830484
0.831941
0.833359
0.834739
0.836078
0.837376
0.838631
0.839842
0.84101
0.842133
0.843212
0.844244
0.845231
0.84617
0.847061
0.847904
0.8487
0.849448
0.850147
0.850798
0.8514
0.851953
0.852457
0.852913
0.853321
0.853682
0.853993
0.854254
0.854467
0.854631
0.854746
0.854814
0.854833
0.854804
0.854727
0.854604
0.854434
0.854218
0.853956
0.853646
0.853292
0.852892
0.852447
0.851958
0.851427
0.850852
0.850236
0.849578
0.84888
0.848145
0.847373
0.846564
0.84572
0.844843
0.843935
0.842999
0.842034
0.841045
0.840032
0.838998
0.837946
0.836876
0.835793
0.834698
0.833593
0.832481
0.831366
0.83025
0.829137
0.828029
0.826931
0.825843
0.82477
0.823714
0.822679
0.821667
0.820682
0.819726
0.818803
0.817916
0.817069
0.816263
0.815501
0.814785
0.814119
0.813505
0.812944
0.812439
0.811991
0.811604
0.81128
0.811019
0.810823
0.810693
0.810631
0.810637
0.810712
0.810856
0.811072
0.811357
0.811714
0.81214
0.812637
0.813202
0.813838
0.814541
0.815312
0.816148
0.81705
0.818015
0.819041
0.820127
0.821271
0.822471
0.823725
0.825031
0.826388
0.827792
0.829241
0.830731
0.83226
0.833828
0.83543
0.837062
0.838723
0.840409
0.842119
0.843849
0.845596
0.847358
0.849133
0.850918
0.852711
0.854508
0.856306
0.858103
0.859899
0.86169
0.863472
0.865244
0.867005
0.868752
0.870484
0.872201
0.873899
0.875576
0.877232
0.878863
0.880468
0.882047
0.883598
0.885122
0.886616
0.888081
0.889513
0.890914
0.892282
0.893616
0.894916
0.896182
0.897412
0.898606
0.899765
0.900888
0.901976
0.903029
0.904045
0.905025
0.905969
0.906878
0.907751
0.908591
0.909397
0.910167
0.910901
0.911601
0.912266
0.912898
0.913497
0.914062
0.914594
0.915092
0.915558
0.91599
0.916389
0.916754
0.917086
0.917385
0.917652
0.917886
0.918087
0.918256
0.918392
0.918495
0.918566
0.918604
0.918609
0.918581
0.918521
0.918428
0.918301
0.918142
0.91795
0.917725
0.917468
0.917177
0.916851
0.916491
0.916098
0.91567
0.915206
0.914708
0.914174
0.913605
0.913
0.912361
0.911686
0.910976
0.91023
0.909448
0.908631
0.907778
0.90689
0.905965
0.905005
0.904009
0.902979
0.901914
0.900815
0.899683
0.898519
0.897322
0.896095
0.894836
0.893549
0.892233
0.89089
0.889522
0.888131
0.886716
0.885279
0.883822
0.882346
0.880852
0.879343
0.877819
0.876284
0.874739
0.873186
0.871627
0.870064
0.868499
0.866934
0.865371
0.863812
0.862258
0.860711
0.859173
0.857646
0.856133
0.854634
0.853151
0.851686
0.850239
0.848812
0.847406
0.846022
0.84466
0.843322
0.842008
0.84072
0.839458
0.838222
0.837012
0.835826
0.834666
0.833531
0.832419
0.831331
0.830266
0.829224
0.828203
0.827203
0.826223
0.825262
0.824318
0.82339
0.822477
0.821578
0.82069
0.819812
0.818943
0.818081
0.817224
0.81637
0.815518
0.814665
0.813811
0.812954
0.812093
0.811226
0.810352
0.809469
0.808576
0.807671
0.806753
0.805821
0.804874
0.80391
0.80293
0.801931
0.800913
0.799876
0.798818
0.797739
0.79664
0.79552
0.794377
0.793212
0.792025
0.790816
0.789585
0.788332
0.787057
0.78576
0.784442
0.783102
0.781742
0.780362
0.778962
0.777543
0.776107
0.774653
0.773184
0.7717
0.770202
0.768692
0.767172
0.765642
0.764105
0.762563
0.761016
0.759466
0.757915
0.756363
0.754815
0.75327
0.751731
0.7502
0.748677
0.747166
0.745668
0.744186
0.742721
0.741276
0.739851
0.738448
0.73707
0.735718
0.734396
0.733105
0.731846
0.730622
0.729436
0.728287
0.727178
0.72611
0.725086
0.724107
0.723175
0.722291
0.721458
0.720675
0.719946
0.719272
0.718653
0.718094
0.717593
0.717152
0.716771
0.716453
0.716197
0.716004
0.715876
0.715815
0.715818
0.715886
0.71602
0.71622
0.716486
0.716817
0.717215
0.717679
0.718209
0.718804
0.719464
0.720189
0.720976
0.721826
0.722736
0.723707
0.724738
0.725826
0.72697
0.728167
0.729416
0.730713
0.732058
0.733446
0.734878
0.736352
0.737863
0.739409
0.740987
0.742593
0.744225
0.745882
0.747561
0.749258
0.75097
0.752694
0.754425
0.756162
0.757901
0.75964
0.761375
0.763105
0.764827
0.766536
0.768232
0.769912
0.771572
0.773212
0.774828
0.776421
0.777986
0.779524
0.781031
0.782507
0.783951
0.78536
0.786732
0.788068
0.789367
0.790627
0.791847
0.793026
0.794165
0.795263
0.796321
0.797336
0.798307
0.799236
0.800121
0.800965
0.801765
0.802522
0.803236
0.803908
0.804537
0.805126
0.805671
0.806176
0.806639
0.807062
0.807445
0.807788
0.80809
0.808354
0.808579
0.808767
0.808917
0.809031
0.80911
0.809154
0.809163
0.80914
0.809085
0.808999
0.808883
0.808737
0.808563
0.808363
0.808136
0.807883
0.807607
0.807307
0.806987
0.806646
0.806284
0.805905
0.80551
0.805098
0.804673
0.804234
0.803782
0.803319
0.802847
0.802365
0.801877
0.801384
0.800885
0.800382
0.799877
0.79937
0.798862
0.798354
0.797847
0.797343
0.796841
0.796344
0.795851
0.795364
0.794883
0.794408
0.79394
0.79348
0.793028
0.792583
0.792146
0.791716
0.791293
0.790879
0.790474
0.790078
0.789691
0.789312
0.788941
0.788577
0.788221
0.787872
0.787531
0.787198
0.786871
0.786552
0.78624
0.785933
0.785632
0.785336
0.785046
0.78476
0.784479
0.784203
0.783931
0.783663
0.783399
0.78314
0.782884
0.782634
0.782387
0.782145
0.781908
0.781675
0.781447
0.781224
0.781005
0.780792
0.780585
0.780386
0.780192
0.780007
0.779829
0.779659
0.779498
0.779346
0.779205
0.779073
0.778954
0.778846
0.77875
0.778669
0.778602
0.77855
0.778515
0.778497
0.778496
0.778513
0.77855
0.778608
0.778687
0.778788
0.778913
0.779064
0.779239
0.779439
0.779666
0.779919
0.7802
0.78051
0.780849
0.781217
0.781615
0.782042
0.782498
0.782984
0.783498
0.784041
0.784612
0.785211
0.785836
0.786487
0.787164
0.787865
0.78859
0.789337
0.790104
0.79089
0.791693
0.792512
0.793345
0.794191
0.795046
0.795908
0.796775
0.797647
0.798521
0.799393
0.800263
0.801127
0.801983
0.802827
0.803659
0.804477
0.805277
0.806057
0.806816
0.807552
0.808263
0.808946
0.809599
0.81022
0.810808
0.81136
0.811875
0.812351
0.812788
0.813183
0.813536
0.813846
0.814111
0.81433
0.814501
0.814624
0.814699
0.814725
0.814701
0.814629
0.814506
0.814332
0.814107
0.813831
0.813504
0.813125
0.812697
0.812218
0.811687
0.811107
0.810477
0.809797
0.809069
0.808295
0.807476
0.806612
0.805704
0.804753
0.803759
0.802725
0.801651
0.80054
0.799393
0.798211
0.796997
0.795751
0.794476
0.793174
0.791848
0.7905
0.789131
0.787745
0.786343
0.784927
0.783501
0.782066
0.780625
0.77918
0.777734
0.77629
0.774851
0.77342
0.771999
0.770593
0.769203
0.767833
0.766486
0.765164
0.76387
0.762608
0.761379
0.760187
0.759034
0.757926
0.756863
0.755847
0.754882
0.753969
0.753112
0.752313
0.751573
0.750896
0.750282
0.749734
0.749254
0.748845
0.748508
0.748243
0.748052
0.747937
0.747898
0.747936
0.748052
0.748246
0.748518
0.748869
0.749299
0.749808
0.750396
0.751063
0.751808
0.75263
0.753528
0.754501
0.755549
0.75667
0.757863
0.759126
0.760458
0.761856
0.763319
0.764846
0.766433
0.768079
0.769781
0.771536
0.773341
0.775194
0.777093
0.779033
0.781014
0.783031
0.785083
0.787165
0.789276
0.791412
0.793571
0.795748
0.797941
0.800144
0.802357
0.804576
0.806798
0.80902
0.811239
0.813451
0.815654
0.817845
0.82002
0.822178
0.824314
0.826428
0.828515
0.830573
0.832599
0.834591
0.836545
0.838459
0.840331
0.842159
0.843941
0.845674
0.847357
0.848988
0.850565
0.852086
0.853551
0.854957
0.856304
0.857589
0.858812
0.859973
0.861068
0.8621
0.863067
0.863969
0.864808
0.865582
0.866292
0.866935
0.867513
0.868028
0.868479
0.868868
0.869196
0.869462
0.869668
0.869816
0.869909
0.869947
0.869933
0.869868
0.869754
0.869594
0.86939
0.869144
0.868859
0.86854
0.868187
0.867803
0.86739
0.866952
0.866491
0.866009
0.865511
0.864998
0.864475
0.863946
0.863412
0.862876
0.862342
0.861812
0.861289
0.860775
0.860275
0.859789
0.85932
0.85887
0.858441
0.858035
0.857656
0.857306
0.856987
0.8567
0.856445
0.856227
0.856048
0.855906
0.855804
0.855743
0.855724
0.855746
0.855812
0.855921
0.856074
0.856271
0.856513
0.856799
0.857129
0.857502
0.857918
0.858377
0.858878
0.85942
0.860004
0.860628
0.86129
0.86199
0.862724
0.863491
0.864289
0.865117
0.865971
0.86685
0.867752
0.868675
0.869617
0.870574
0.871543
0.872522
0.873509
0.874501
0.875494
0.876486
0.877475
0.878458
0.879433
0.880395
0.881343
0.882273
0.883183
0.884071
0.884934
0.885768
0.886572
0.887345
0.888082
0.888781
0.88944
0.890059
0.890636
0.891168
0.891652
0.892087
0.892471
0.892803
0.893083
0.893307
0.893477
0.89359
0.893645
0.893641
0.893578
0.893455
0.893271
0.893027
0.892722
0.892355
0.891926
0.891435
0.890881
0.890264
0.889585
0.888844
0.888041
0.887177
0.886251
0.885267
0.884224
0.883122
0.881962
0.880744
0.879471
0.878142
0.87676
0.875324
0.873836
0.872297
0.870708
0.86907
0.867383
0.865649
0.863869
0.862046
0.860182
0.858275
0.856329
0.854344
0.852323
0.850267
0.848179
0.846059
0.843909
0.841731
0.839524
0.837291
0.835034
0.832754
0.830453
0.828132
0.825794
0.823438
0.821069
0.818688
0.816295
0.813892
0.811481
0.809063
0.806641
0.804216
0.801789
0.799361
0.796934
0.79451
0.792091
0.789677
0.787271
0.784875
0.782488
0.780115
0.777755
0.775411
0.773085
0.770777
0.76849
0.766224
0.763982
0.761767
0.759578
0.757417
0.755288
0.753189
0.751122
0.74909
0.747093
0.745134
0.743214
0.741335
0.739498
0.737704
0.735955
0.734253
0.732598
0.730994
0.72944
0.727938
0.726489
0.725093
0.723753
0.722469
0.721244
0.720079
0.718972
0.717926
0.716943
0.716022
0.715164
0.714371
0.713642
0.712978
0.712379
0.711847
0.71138
0.710979
0.710646
0.710379
0.710179
0.710044
0.709976
0.709974
0.710037
0.710165
0.710358
0.710614
0.710934
0.711316
0.71176
0.712264
0.712828
0.71345
0.71413
0.714868
0.715662
0.716511
0.717414
0.718367
0.719371
0.720424
0.721524
0.722671
0.723863
0.725098
0.726376
0.727694
0.729051
0.730446
0.731877
0.733342
0.734841
0.736372
0.737935
0.739529
0.741151
0.742801
0.744476
0.746176
0.747899
0.749644
0.751411
0.753197
0.755003
0.756826
0.758666
0.760521
0.76239
0.764272
0.766167
0.768073
0.76999
0.771915
0.773846
0.775783
0.777724
0.779668
0.781614
0.78356
0.785505
0.787448
0.789389
0.791325
0.793255
0.795177
0.797089
0.798989
0.800877
0.80275
0.804607
0.806444
0.808262
0.81006
0.811835
0.813586
0.81531
0.817006
0.818673
0.820309
0.821911
0.82348
0.825013
0.82651
0.827968
0.829386
0.830765
0.832102
0.833394
0.834642
0.835844
0.836999
0.838106
0.839166
0.840176
0.841136
0.842043
0.842898
0.843699
0.844447
0.845141
0.84578
0.846363
0.84689
0.847361
0.847777
0.848137
0.84844
0.848687
0.848878
0.849012
0.849091
0.849113
0.84908
0.848993
0.848852
0.848657
0.848408
0.848107
0.847752
0.847346
0.846889
0.846382
0.845826
0.845223
0.844573
0.843878
0.843137
0.842351
0.841523
0.840654
0.839744
0.838797
0.837813
0.836795
0.835744
0.834661
0.833546
0.832401
0.831228
0.830029
0.828805
0.827557
0.826288
0.825
0.823693
0.822372
0.821036
0.819689
0.818332
0.816968
0.815598
0.814225
0.812851
0.811479
0.810109
0.808745
0.807389
0.806041
0.804702
0.803374
0.80206
0.80076
0.799477
0.798212
0.796967
0.795744
0.794545
0.793372
0.792224
0.791106
0.790019
0.788964
0.787943
0.786957
0.786008
0.785097
0.784227
0.783399
0.782613
0.781871
0.781175
0.780525
0.779924
0.77937
0.778867
0.778414
0.778014
0.777666
0.777371
0.77713
0.776944
0.776814
0.77674
0.776721
0.776757
0.776849
0.776999
0.777204
0.777465
0.777781
0.778152
0.778577
0.779055
0.779586
0.780168
0.7808
0.781482
0.78221
0.782985
0.783805
0.784668
0.785572
0.786516
0.787497
0.788515
0.789565
0.790647
0.791758
0.792895
0.794056
0.795238
0.79644
0.797658
0.798891
0.800135
0.801389
0.802648
0.803912
0.805176
0.80644
0.807701
0.808957
0.810203
0.81144
0.812665
0.813876
0.815069
0.816244
0.817398
0.818528
0.819635
0.820715
0.821767
0.82279
0.823782
0.824743
0.82567
0.826564
0.827424
0.828249
0.829036
0.829786
0.830499
0.831173
0.831809
0.832406
0.832965
0.833484
0.833965
0.834408
0.834813
0.835179
0.835509
0.835803
0.83606
0.836283
0.836472
0.836628
0.836751
0.836842
0.836904
0.836938
0.836942
0.83692
0.836872
0.836801
0.836707
0.836591
0.836454
0.836298
0.836124
0.835933
0.835727
0.835506
0.835272
0.835026
0.834769
0.834502
0.834225
0.833941
0.833651
0.833355
0.833054
0.832749
0.832441
0.832129
0.831817
0.831504
0.831189
0.830874
0.830559
0.830244
0.82993
0.829618
0.829308
0.829001
0.828697
0.828395
0.828097
0.827801
0.827509
0.827219
0.826933
0.82665
0.826369
0.826091
0.825816
0.825543
0.825272
0.825005
0.824739
0.824476
0.824214
0.823955
0.823698
0.823442
0.823189
0.822937
0.822687
0.822438
0.82219
0.821942
0.821696
0.82145
0.821204
0.820958
0.820713
0.820468
0.820222
0.819976
0.81973
0.819483
0.819234
0.818985
0.818733
0.81848
0.818224
0.817966
0.817706
0.817443
0.817177
0.816908
0.816635
0.816357
0.816076
0.815789
0.815497
0.8152
0.814898
0.81459
0.814275
0.813953
0.813624
0.813285
0.812938
0.812582
0.812217
0.811841
0.811453
0.811055
0.810646
0.810225
0.809791
0.809343
0.808881
0.808406
0.807916
0.807411
0.806892
0.806356
0.805803
0.805235
0.804649
0.804045
0.803422
0.802781
0.80212
0.801442
0.800745
0.800029
0.799292
0.798536
0.797761
0.796965
0.796149
0.795315
0.794461
0.793587
0.792694
0.791783
0.790852
0.789903
0.788937
0.787952
0.78695
0.785932
0.7849
0.783853
0.782793
0.78172
0.780636
0.77954
0.778436
0.777324
0.776206
0.775081
0.773953
0.772822
0.771691
0.770561
0.769433
0.76831
0.767194
0.766086
0.764989
0.763905
0.762835
0.76178
0.760743
0.759726
0.758731
0.75776
0.756816
0.7559
0.755015
0.754162
0.753344
0.752562
0.751819
0.751116
0.750455
0.749838
0.749266
0.748741
0.748264
0.747836
0.747458
0.747134
0.746863
0.746649
0.746489
0.746386
0.746338
0.746347
0.746412
0.746533
0.746711
0.746946
0.747236
0.747583
0.747985
0.748441
0.748953
0.749519
0.750137
0.750807
0.751526
0.752293
0.753107
0.753967
0.75487
0.755813
0.756795
0.757815
0.75887
0.759958
0.761076
0.762222
0.763392
0.764587
0.765801
0.767034
0.76828
0.769539
0.770807
0.772082
0.773361
0.774643
0.775924
0.777201
0.778472
0.779732
0.780981
0.782214
0.783431
0.784627
0.785801
0.786951
0.788073
0.789166
0.790229
0.791259
0.792255
0.793215
0.794139
0.795023
0.795867
0.796668
0.797427
0.798142
0.798813
0.799439
0.800019
0.800555
0.801046
0.801492
0.801894
0.802253
0.802568
0.802842
0.803074
0.803268
0.803424
0.803544
0.80363
0.803684
0.803707
0.803703
0.803672
0.803619
0.803545
0.803453
0.803346
0.803226
0.803096
0.802959
0.802818
0.802677
0.802541
0.80241
0.802287
0.802175
0.802078
0.801998
0.801938
0.8019
0.801887
0.8019
0.801943
0.802018
0.802126
0.802269
0.80245
0.802668
0.802926
0.803226
0.803568
0.803954
0.804382
0.804854
0.805371
0.805934
0.806542
0.807195
0.807891
0.808631
0.809412
0.810235
0.8111
0.812003
0.812945
0.813924
0.814936
0.815982
0.817059
0.818166
0.8193
0.820459
0.821641
0.822846
0.824069
0.82531
0.826567
0.827837
0.829117
0.830405
0.831701
0.833001
0.834301
0.8356
0.836895
0.838185
0.839466
0.840738
0.841997
0.843243
0.844473
0.845686
0.846878
0.848049
0.849197
0.850321
0.851419
0.852488
0.853527
0.854536
0.855512
0.856454
0.857361
0.858232
0.859066
0.859862
0.86062
0.861338
0.862016
0.862653
0.863249
0.863801
0.864309
0.864772
0.865191
0.865566
0.865894
0.866177
0.866413
0.866602
0.866744
0.866838
0.866886
0.866886
0.866839
0.866746
0.866605
0.866418
0.866184
0.865905
0.865581
0.865211
0.864796
0.864336
0.86383
0.86328
0.862687
0.862051
0.861373
0.860653
0.859892
0.85909
0.858247
0.857365
0.856443
0.855485
0.854489
0.853458
0.852391
0.85129
0.850157
0.848993
0.847799
0.846576
0.845325
0.844047
0.842745
0.841418
0.840069
0.838698
0.837308
0.8359
0.834476
0.833038
0.831588
0.830128
0.82866
0.827188
0.825712
0.824234
0.822755
0.821279
0.819808
0.818344
0.81689
0.815449
0.814023
0.812614
0.811225
0.809858
0.808516
0.807202
0.805918
0.804666
0.803448
0.802268
0.801126
0.800027
0.798972
0.797963
0.797003
0.796092
0.795235
0.794433
0.793685
0.792996
0.792367
0.791798
0.791289
0.790841
0.790456
0.790135
0.789879
0.789687
0.78956
0.789498
0.789499
0.789565
0.789694
0.789887
0.790142
0.790458
0.790834
0.79127
0.791763
0.792312
0.792915
0.793571
0.794279
0.795037
0.79584
0.79669
0.797583
0.798515
0.799483
0.800486
0.801519
0.802582
0.80367
0.80478
0.80591
0.807056
0.808215
0.809384
0.810562
0.811744
0.812927
0.814106
0.815279
0.816442
0.817593
0.818729
0.819846
0.82094
0.822009
0.823049
0.824058
0.825034
0.825973
0.826874
0.827735
0.828551
0.82932
0.830042
0.830713
0.831332
0.831897
0.832406
0.832859
0.833254
0.833589
0.833864
0.834077
0.834229
0.834318
0.834346
0.834311
0.834215
0.834057
0.833838
0.833558
0.83322
0.832823
0.832369
0.83186
0.831298
0.830684
0.830019
0.829308
0.828551
0.827751
0.826911
0.826032
0.825117
0.824169
0.823191
0.822186
0.821155
0.820103
0.819031
0.817941
0.816836
0.815719
0.814594
0.813461
0.812325
0.811186
0.810047
0.80891
0.807778
0.806652
0.805533
0.804422
0.803323
0.802236
0.801161
0.8001
0.799054
0.798023
0.79701
0.796013
0.795033
0.79407
0.793123
0.792194
0.79128
0.790383
0.789502
0.788638
0.787789
0.786957
0.786139
0.785336
0.784548
0.783772
0.783009
0.782256
0.781515
0.780784
0.780063
0.77935
0.778645
0.777948
0.777256
0.776572
0.775892
0.775217
0.774546
0.77388
0.773216
0.772555
0.771897
0.771241
0.770587
0.769933
0.769281
0.768629
0.767977
0.767326
0.766675
0.766023
0.765371
0.764718
0.764065
0.763412
0.762758
0.762104
0.761449
0.760793
0.760137
0.75948
0.758824
0.758168
0.757513
0.756858
0.756204
0.75555
0.754899
0.75425
0.753603
0.75296
0.752319
0.751682
0.751049
0.750421
0.749798
0.74918
0.748568
0.747963
0.747365
0.746777
0.746197
0.745626
0.745067
0.744519
0.743983
0.743459
0.742949
0.742452
0.741971
0.741506
0.741058
0.740628
0.740217
0.739825
0.739454
0.739106
0.73878
0.738479
0.738202
0.73795
0.737725
0.737529
0.73736
0.737221
0.737112
0.737034
0.736989
0.736978
0.737002
0.737061
0.737155
0.737285
0.737453
0.737658
0.737902
0.738185
0.738509
0.738872
0.739274
0.739716
0.740197
0.74072
0.741282
0.741884
0.742525
0.743205
0.743924
0.744681
0.745477
0.746311
0.747181
0.748088
0.749029
0.750004
0.751012
0.752052
0.753123
0.754221
0.755347
0.756498
0.757673
0.75887
0.760088
0.761325
0.76258
0.76385
0.765135
0.766431
0.767738
0.769054
0.770376
0.771703
0.773031
0.77436
0.775689
0.777015
0.778337
0.779653
0.780961
0.78226
0.783548
0.784823
0.786084
0.78733
0.788559
0.789771
0.790964
0.792137
0.793289
0.794419
0.795525
0.796606
0.797662
0.798692
0.799696
0.800672
0.801621
0.802542
0.803433
0.804294
0.805127
0.805929
0.806701
0.807441
0.80815
0.808828
0.809475
0.810091
0.810676
0.811229
0.811752
0.812246
0.81271
0.813144
0.813547
0.81392
0.814263
0.814577
0.814863
0.815119
0.815348
0.815549
0.815723
0.81587
0.815991
0.816086
0.816156
0.8162
0.81622
0.816216
0.816188
0.816139
0.816068
0.815975
0.815861
0.815724
0.815567
0.815389
0.815192
0.814978
0.814744
0.814492
0.814224
0.813938
0.813635
0.813316
0.81298
0.812628
0.81226
0.811878
0.811482
0.811073
0.810652
0.810219
0.809774
0.809319
0.808853
0.808379
0.807896
0.807405
0.806908
0.806406
0.805901
0.805392
0.804881
0.80437
0.803857
0.803346
0.802836
0.802329
0.801827
0.801332
0.800844
0.800365
0.799896
0.79944
0.798997
0.798569
0.798157
0.797763
0.797387
0.797032
0.796698
0.796386
0.796098
0.795836
0.795601
0.795395
0.795217
0.79507
0.794954
0.79487
0.794821
0.794806
0.794826
0.794882
0.794976
0.795108
0.795277
0.795485
0.795732
0.796017
0.796343
0.79671
0.797116
0.797563
0.798049
0.798575
0.799141
0.799745
0.800389
0.801072
0.801794
0.802555
0.803353
0.804186
0.805055
0.805959
0.806897
0.807868
0.808872
0.809908
0.810977
0.812076
0.813205
0.814362
0.815548
0.816761
0.818
0.819265
0.820554
0.821867
0.823202
0.824558
0.825935
0.827331
0.828747
0.83018
0.831631
0.833097
0.83458
0.836078
0.83759
0.839115
0.840652
0.8422
0.843758
0.845326
0.846903
0.848487
0.850079
0.851677
0.853279
0.854885
0.856492
0.858101
0.85971
0.861317
0.862921
0.864522
0.866116
0.867703
0.869281
0.870849
0.872405
0.873948
0.875476
0.876988
0.878484
0.879959
0.881413
0.882843
0.884248
0.885625
0.886972
0.888287
0.889568
0.890814
0.892022
0.89319
0.894315
0.895397
0.896432
0.897418
0.898353
0.899236
0.900064
0.900836
0.901551
0.902207
0.902803
0.903336
0.903806
0.904209
0.904544
0.90481
0.905008
0.905135
0.905188
0.905168
0.905073
0.904904
0.904659
0.904337
0.903939
0.903463
0.902909
0.902276
0.901565
0.900775
0.899907
0.898962
0.89794
0.896842
0.895667
0.894417
0.893092
0.891693
0.890222
0.88868
0.887069
0.885388
0.88364
0.881826
0.879947
0.878005
0.876002
0.87394
0.871822
0.869649
0.867422
0.865145
0.862819
0.860447
0.85803
0.855573
0.853077
0.850544
0.847977
0.845379
0.842752
0.840098
0.837422
0.834725
0.832012
0.829284
0.826544
0.823795
0.82104
0.818282
0.815522
0.812764
0.810011
0.807266
0.80453
0.801806
0.799097
0.796407
0.793736
0.791088
0.788465
0.78587
0.783306
0.780775
0.778279
0.77582
0.773399
0.771018
0.76868
0.766387
0.764139
0.761937
0.759782
0.757678
0.755623
0.753621
0.75167
0.749773
0.74793
0.746142
0.744408
0.742731
0.74111
0.739544
0.738035
0.736581
0.735183
0.73384
0.732552
0.731318
0.730138
0.729011
0.727937
0.726915
0.725943
0.725021
0.724148
0.723321
0.722541
0.721806
0.721115
0.720466
0.71986
0.719294
0.718766
0.718277
0.717823
0.717404
0.71702
0.716668
0.716347
0.716057
0.715797
0.715565
0.715359
0.715179
0.715024
0.714892
0.714783
0.714697
0.714632
0.714589
0.714567
0.714565
0.714584
0.714623
0.714682
0.71476
0.714859
0.714976
0.715113
0.715269
0.715445
0.715639
0.715852
0.716084
0.716336
0.716608
0.7169
0.717212
0.717544
0.717898
0.718272
0.718669
0.719087
0.719527
0.719991
0.720477
0.720986
0.72152
0.722078
0.722659
0.723265
0.723897
0.724553
0.725235
0.725943
0.726676
0.727435
0.72822
0.729031
0.729868
0.730729
0.731616
0.732528
0.733464
0.734424
0.735409
0.736419
0.737453
0.738511
0.739592
0.740696
0.741821
0.742968
0.744134
0.745321
0.746525
0.747748
0.748987
0.750243
0.751515
0.752802
0.754104
0.755419
0.756746
0.758084
0.759432
0.760789
0.762154
0.763527
0.764906
0.766291
0.76768
0.769074
0.770471
0.771871
0.773273
0.774677
0.776082
0.777485
0.778887
0.780284
0.781679
0.783068
0.784453
0.785831
0.787201
0.788565
0.789919
0.791263
0.792596
0.793918
0.795227
0.796524
0.797807
0.799076
0.80033
0.801568
0.802788
0.803991
0.805174
0.806338
0.807482
0.808604
0.809705
0.810783
0.811836
0.812864
0.813866
0.81484
0.815786
0.816703
0.817589
0.818443
0.819264
0.820052
0.820806
0.821523
0.822201
0.822842
0.823442
0.824002
0.824521
0.824996
0.825428
0.825816
0.826157
0.826451
0.826698
0.826896
0.827044
0.827143
0.827191
0.827187
0.827131
0.827024
0.826865
0.826656
0.826396
0.826084
0.825722
0.82531
0.824849
0.824341
0.823787
0.823189
0.822548
0.821865
0.821143
0.820384
0.819589
0.818762
0.817907
0.817026
0.816123
0.815202
0.814267
0.813321
0.81237
0.811418
0.810469
0.809528
0.808599
0.807688
0.806798
0.805934
0.805103
0.804308
0.803553
0.802843
0.802183
0.801576
0.801026
0.800538
0.800114
0.799755
0.799465
0.799245
0.799098
0.799025
0.799026
0.799102
0.799253
0.799477
0.799774
0.800144
0.800584
0.801092
0.801667
0.802306
0.803005
0.803763
0.804575
0.805438
0.80635
0.807305
0.808301
0.809333
0.810399
0.811495
0.812618
0.813764
0.81493
0.816112
0.817307
0.818512
0.819724
0.82094
0.822158
0.823376
0.824591
0.8258
0.827003
0.828197
0.829383
0.830557
0.831718
0.832863
0.833992
0.835104
0.836197
0.837271
0.838327
0.839361
0.840375
0.841366
0.842335
0.84328
0.844203
0.845101
0.845974
0.846821
0.847642
0.848434
0.849199
0.849935
0.850643
0.851322
0.851973
0.852593
0.853182
0.853739
0.854263
0.854754
0.855211
0.855635
0.856025
0.85638
0.856698
0.85698
0.857224
0.857431
0.8576
0.857729
0.857819
0.85787
0.857881
0.857853
0.857784
0.857674
0.857522
0.857328
0.857091
0.856811
0.856488
0.856123
0.855714
0.855263
0.85477
0.854233
0.853654
0.853033
0.852371
0.851668
0.850924
0.850142
0.84932
0.84846
0.847562
0.846627
0.845656
0.844649
0.843607
0.842533
0.841428
0.840293
0.839129
0.837939
0.836725
0.835488
0.834228
0.832949
0.831654
0.830343
0.829019
0.827684
0.82634
0.82499
0.823636
0.822283
0.82093
0.819582
0.818239
0.816907
0.815587
0.81428
0.812991
0.81172
0.810471
0.809246
0.808048
0.806878
0.805737
0.804629
0.803556
0.802518
0.801518
0.800557
0.799637
0.798759
0.797922
0.797128
0.796376
0.795668
0.795004
0.794385
0.793809
0.793276
0.792786
0.792339
0.791933
0.791568
0.791244
0.790959
0.790713
0.790505
0.790331
0.79019
0.790082
0.790003
0.789953
0.789931
0.789934
0.789961
0.790011
0.790081
0.790171
0.790281
0.790408
0.790552
0.79071
0.790884
0.79107
0.791268
0.791478
0.791699
0.791931
0.792172
0.792423
0.792682
0.792949
0.793221
0.793502
0.793789
0.794082
0.794379
0.794682
0.794989
0.795301
0.795618
0.795939
0.796263
0.796591
0.796924
0.797259
0.797598
0.797941
0.798286
0.798633
0.798981
0.799331
0.799683
0.800036
0.80039
0.800745
0.8011
0.801457
0.801812
0.802167
0.802519
0.802868
0.803213
0.803555
0.803893
0.804226
0.804554
0.804876
0.805191
0.805498
0.805796
0.806084
0.806361
0.806626
0.806879
0.807117
0.807339
0.807545
0.807735
0.807905
0.808056
0.808186
0.808295
0.808382
0.808445
0.808481
0.808491
0.808474
0.808428
0.808355
0.808251
0.808117
0.807952
0.807754
0.807524
0.807259
0.806959
0.806625
0.806255
0.80585
0.805409
0.804934
0.804423
0.803877
0.803297
0.802684
0.802038
0.80136
0.800651
0.79991
0.79914
0.798341
0.797514
0.796661
0.795782
0.794881
0.793959
0.793016
0.792053
0.791073
0.790078
0.789069
0.788049
0.787018
0.785979
0.784933
0.783882
0.782828
0.781772
0.780717
0.779664
0.778615
0.77757
0.776531
0.7755
0.774477
0.773465
0.772466
0.771478
0.770503
0.769543
0.768599
0.76767
0.766759
0.765865
0.76499
0.764135
0.763298
0.762481
0.761686
0.760912
0.76016
0.75943
0.758723
0.758039
0.757379
0.756742
0.75613
0.755541
0.754977
0.754437
0.753923
0.753435
0.752975
0.752541
0.752134
0.751754
0.751402
0.751076
0.75078
0.750511
0.750272
0.750063
0.749885
0.749737
0.749621
0.749537
0.749488
0.749472
0.74949
0.749543
0.749631
0.749755
0.749915
0.750113
0.750348
0.750622
0.750935
0.751288
0.751682
0.752115
0.75259
0.753106
0.753663
0.754262
0.754905
0.755589
0.756316
0.757086
0.757897
0.75875
0.759644
0.76058
0.761556
0.762572
0.763628
0.764724
0.765858
0.767029
0.768237
0.76948
0.770758
0.772069
0.773413
0.774789
0.776193
0.777625
0.779084
0.780567
0.782073
0.7836
0.785145
0.786708
0.788286
0.789876
0.791478
0.793088
0.794705
0.796325
0.797947
0.799567
0.801185
0.802798
0.804404
0.805999
0.807581
0.809149
0.8107
0.812231
0.81374
0.815225
0.816682
0.818109
0.819505
0.820866
0.822191
0.823478
0.824723
0.825926
0.827085
0.828199
0.829264
0.830279
0.831243
0.832153
0.83301
0.83381
0.834555
0.83524
0.835867
0.836433
0.836939
0.837385
0.837768
0.83809
0.83835
0.838545
0.838677
0.838744
0.838748
0.838688
0.838565
0.838381
0.838135
0.837828
0.837462
0.837035
0.836549
0.836006
0.835409
0.834756
0.83405
0.833293
0.832484
0.831626
0.83072
0.829769
0.828774
0.827738
0.826664
0.825553
0.824409
0.823234
0.822029
0.820796
0.819539
0.818258
0.816958
0.815641
0.814309
0.812966
0.811612
0.810252
0.808888
0.807522
0.806156
0.804794
0.803438
0.802091
0.800756
0.799436
0.798132
0.796848
0.795587
0.794351
0.793142
0.791963
0.790817
0.789705
0.788631
0.787596
0.786604
0.785657
0.784755
0.783902
0.783099
0.782349
0.781653
0.781012
0.780428
0.779902
0.779434
0.779027
0.778681
0.778397
0.778175
0.778017
0.777924
0.777894
0.777929
0.778027
0.77819
0.778417
0.778706
0.779058
0.779473
0.779949
0.780485
0.781079
0.78173
0.782436
0.783196
0.784008
0.78487
0.78578
0.786736
0.787736
0.788776
0.789856
0.790973
0.792123
0.793304
0.794513
0.795748
0.797005
0.798283
0.799577
0.800887
0.802207
0.803536
0.804871
0.806207
0.807542
0.808874
0.810199
0.811516
0.81282
0.814111
0.815384
0.816637
0.817868
0.819072
0.820249
0.821396
0.822511
0.823593
0.824639
0.825647
0.826615
0.827539
0.828418
0.829252
0.830039
0.830776
0.831462
0.832096
0.832676
0.833203
0.833674
0.834088
0.834445
0.834743
0.834982
0.835161
0.835279
0.835336
0.835333
0.835268
0.835143
0.834958
0.834712
0.834406
0.834041
0.833617
0.833133
0.832591
0.831993
0.831336
0.830624
0.829858
0.829037
0.828163
0.827237
0.82626
0.825236
0.824164
0.823047
0.821885
0.820681
0.819437
0.818152
0.816829
0.815469
0.814075
0.812648
0.811191
0.809706
0.808196
0.806661
0.805104
0.803527
0.801932
0.800321
0.798698
0.797063
0.795419
0.793768
0.792112
0.790454
0.788794
0.787136
0.785482
0.783833
0.782192
0.780559
0.778938
0.777332
0.775742
0.774169
0.772616
0.771083
0.769573
0.768088
0.766628
0.765198
0.763796
0.762424
0.761084
0.759776
0.758502
0.757263
0.75606
0.754893
0.753764
0.752675
0.751625
0.750615
0.749645
0.748716
0.747829
0.746985
0.746183
0.745423
0.744707
0.744035
0.743407
0.742824
0.742285
0.741791
0.74134
0.740933
0.740571
0.740254
0.739981
0.739755
0.739574
0.739439
0.73935
0.739306
0.739308
0.739356
0.739451
0.739595
0.739786
0.740026
0.740314
0.74065
0.741035
0.741469
0.741953
0.742489
0.743077
0.743716
0.744406
0.745148
0.745942
0.746788
0.747687
0.748637
0.749638
0.750689
0.75179
0.75294
0.754137
0.755379
0.756667
0.757998
0.759369
0.760778
0.762223
0.763702
0.765211
0.766749
0.768312
0.769895
0.771497
0.773114
0.774741
0.776376
0.778013
0.779651
0.781285
0.78291
0.784522
0.786119
0.787695
0.789247
0.79077
0.792261
0.793716
0.795132
0.796506
0.797832
0.79911
0.800336
0.801507
0.80262
0.803674
0.804667
0.805595
0.806458
0.807255
0.807985
0.808647
0.809239
0.809761
0.810215
0.810599
0.810912
0.811156
0.811332
0.811439
0.811477
0.811449
0.811356
0.811198
0.810978
0.810699
0.810361
0.809968
0.809521
0.809023
0.808477
0.807886
0.807251
0.806575
0.805862
0.805114
0.804333
0.803525
0.802692
0.801836
0.800959
0.800067
0.799162
0.798246
0.797324
0.796399
0.795475
0.794555
0.793643
0.792741
0.791854
0.790984
0.790135
0.789311
0.788514
0.787748
0.787014
0.786317
0.78566
0.785046
0.784479
0.78396
0.783492
0.783078
0.78272
0.78242
0.782179
0.782
0.781886
0.781838
0.781858
0.781948
0.782109
0.782344
0.782651
0.783032
0.783489
0.78402
0.784627
0.785309
0.786067
0.786901
0.787811
0.788794
0.789851
0.790982
0.792185
0.793458
0.794801
0.796212
0.797688
0.799229
0.800832
0.802495
0.804214
0.805988
0.807814
0.809688
0.811608
0.813571
0.815572
0.817609
0.81968
0.821779
0.823904
0.826052
0.828219
0.830401
0.832595
0.834798
0.837006
0.839216
0.841424
0.843625
0.845818
0.847997
0.850159
0.8523
0.854418
0.856512
0.858575
0.860604
0.862596
0.864549
0.866458
0.868322
0.870139
0.871904
0.873616
0.875271
0.876867
0.878401
0.879872
0.881278
0.882617
0.883889
0.88509
0.886219
0.887275
0.888257
0.889164
0.889995
0.890749
0.891427
0.892026
0.892546
0.892989
0.893352
0.893637
0.893844
0.893973
0.894024
0.893998
0.893896
0.893718
0.893466
0.89314
0.892742
0.892274
0.891738
0.891135
0.890466
0.889732
0.888934
0.888075
0.887157
0.886183
0.885154
0.884071
0.882938
0.881757
0.880529
0.879258
0.877945
0.876593
0.875202
0.873777
0.872319
0.870832
0.869316
0.867777
0.866215
0.864634
0.863035
0.861422
0.859796
0.85816
0.856516
0.854867
0.853215
0.851561
0.849908
0.848259
0.846616
0.84498
0.843354
0.841739
0.840137
0.83855
0.836981
0.83543
0.8339
0.832393
0.83091
0.829452
0.828021
0.82662
0.825249
0.823909
0.822603
0.821329
0.82009
0.818888
0.817723
0.816596
0.815509
0.814462
0.813454
0.812488
0.811563
0.81068
0.809838
0.80904
0.808284
0.807571
0.806901
0.806274
0.805689
0.805147
0.804648
0.804192
0.803777
0.803405
0.803073
0.802781
0.802529
0.802315
0.80214
0.802002
0.8019
0.801833
0.801799
0.801798
0.801829
0.801891
0.801982
0.802101
0.802246
0.802416
0.802609
0.802826
0.803064
0.803321
0.803598
0.803894
0.804205
0.804531
0.80487
0.805221
0.805582
0.805952
0.80633
0.806715
0.807106
0.807502
0.807901
0.808301
0.808701
0.809101
0.809499
0.809895
0.810287
0.810673
0.811053
0.811425
0.811789
0.812144
0.812487
0.812817
0.813134
0.813438
0.813726
0.813999
0.814254
0.814491
0.814707
0.814902
0.815074
0.815222
0.815346
0.815444
0.815515
0.815558
0.815571
0.815553
0.815502
0.815419
0.815301
0.815148
0.814957
0.814727
0.814457
0.814148
0.813795
0.813399
0.812959
0.812473
0.811942
0.811364
0.810739
0.810064
0.809339
0.808564
0.807737
0.806859
0.805929
0.804945
0.803909
0.802819
0.801677
0.800483
0.799236
0.797938
0.796588
0.795187
0.793738
0.79224
0.790695
0.789104
0.787468
0.78579
0.78407
0.782311
0.780515
0.778684
0.776821
0.774929
0.773009
0.771064
0.769098
0.767112
0.765111
0.763096
0.761072
0.759041
0.757006
0.75497
0.752937
0.75091
0.748893
0.746889
0.744901
0.742934
0.740991
0.739073
0.737186
0.735332
0.733513
0.731733
0.729997
0.728306
0.726663
0.72507
0.723531
0.722048
0.720624
0.719261
0.71796
0.716725
0.715556
0.714455
0.713425
0.712468
0.711585
0.710777
0.710046
0.709391
0.708813
0.708314
0.707895
0.707554
0.707293
0.707113
0.707014
0.706996
0.707057
0.707197
0.707416
0.707712
0.708086
0.708537
0.709063
0.709663
0.710336
0.71108
0.711896
0.712779
0.713729
0.714745
0.715823
0.716963
0.718162
0.719419
0.720731
0.722096
0.723511
0.724974
0.726483
0.728035
0.729627
0.731258
0.732924
0.734624
0.736355
0.738114
0.739897
0.741703
0.743529
0.745372
0.74723
0.749101
0.750981
0.752869
0.75476
0.756653
0.758546
0.760436
0.762322
0.764201
0.766071
0.767927
0.769769
0.771593
0.7734
0.775186
0.776949
0.778686
0.780396
0.782077
0.783727
0.785344
0.786926
0.788472
0.78998
0.791449
0.792878
0.794265
0.795608
0.796906
0.798159
0.799365
0.800525
0.801636
0.802697
0.803709
0.80467
0.80558
0.806438
0.807245
0.807999
0.808701
0.809351
0.809949
0.810496
0.81099
0.811434
0.811827
0.812169
0.812461
0.812702
0.812894
0.813037
0.813133
0.813183
0.813186
0.813144
0.813059
0.812932
0.812765
0.812557
0.812311
0.812028
0.81171
0.811359
0.810977
0.810564
0.810122
0.809653
0.80916
0.808643
0.808106
0.80755
0.806977
0.806389
0.805789
0.805177
0.804557
0.80393
0.803299
0.802667
0.802037
0.80141
0.800788
0.800174
0.799569
0.798975
0.798394
0.797829
0.797283
0.796757
0.796252
0.795772
0.795318
0.794895
0.794502
0.794142
0.793815
0.793525
0.793271
0.793055
0.792879
0.792744
0.792653
0.792606
0.792603
0.792647
0.792738
0.792876
0.793062
0.793298
0.793585
0.793924
0.794315
0.794757
0.795251
0.795798
0.796398
0.79705
0.797755
0.798513
0.799323
0.800185
0.8011
0.802068
0.803086
0.804154
0.805271
0.806437
0.807649
0.808906
0.810206
0.811549
0.812931
0.814352
0.815809
0.817299
0.81882
0.820371
0.821949
0.823552
0.825175
0.826817
0.828474
0.830143
0.831821
0.833504
0.835189
0.836874
0.838555
0.840228
0.841889
0.843535
0.845163
0.84677
0.848353
0.849909
0.851437
0.852933
0.854394
0.855816
0.857197
0.858536
0.859831
0.861079
0.862279
0.863431
0.864533
0.865585
0.866586
0.867536
0.868434
0.869279
0.870073
0.870815
0.871504
0.872143
0.872732
0.873272
0.873763
0.874208
0.874608
0.874963
0.875277
0.875551
0.875786
0.875984
0.876148
0.876278
0.876378
0.87645
0.876495
0.876516
0.876514
0.876491
0.87645
0.876393
0.876322
0.876236
0.876136
0.876025
0.875902
0.875769
0.875628
0.875478
0.87532
0.875154
0.87498
0.874799
0.87461
0.874414
0.874208
0.873994
0.87377
0.873535
0.873289
0.87303
0.872758
0.872471
0.872168
0.871848
0.871509
0.87115
0.870771
0.87037
0.869944
0.869494
0.869017
0.868512
0.867979
0.867417
0.866824
0.8662
0.865545
0.864856
0.864135
0.863381
0.862594
0.861774
0.860922
0.860038
0.859121
0.858172
0.857192
0.856182
0.855143
0.854076
0.852983
0.851866
0.850725
0.849563
0.848382
0.847183
0.84597
0.844745
0.843511
0.842268
0.84102
0.839768
0.838516
0.837265
0.836019
0.834781
0.833553
0.832337
0.831134
0.829948
0.828781
0.827633
0.826508
0.825407
0.824332
0.823286
0.822268
0.82128
0.820326
0.819404
0.818517
0.817664
0.816847
0.816066
0.815323
0.814616
0.813948
0.813317
0.812723
0.812166
0.811646
0.811163
0.810718
0.810309
0.809935
0.809596
0.809289
0.809015
0.808771
0.808557
0.808373
0.808216
0.808086
0.807982
0.807902
0.807845
0.80781
0.807796
0.8078
0.807823
0.807862
0.807917
0.807986
0.808068
0.808163
0.808268
0.808383
0.808505
0.808634
0.808769
0.808908
0.80905
0.809195
0.809342
0.80949
0.809636
0.80978
0.809923
0.810061
0.810194
0.810322
0.810444
0.810559
0.810667
0.810767
0.810857
0.810938
0.811008
0.811068
0.811116
0.811153
0.811179
0.811194
0.811199
0.811191
0.811172
0.811142
0.8111
0.811048
0.810987
0.810916
0.810836
0.810747
0.81065
0.810546
0.810435
0.810317
0.810194
0.810065
0.809934
0.809799
0.809663
0.809525
0.809388
0.809253
0.809119
0.808987
0.808857
0.808732
0.808612
0.808496
0.808387
0.808282
0.808184
0.808092
0.808005
0.807923
0.807847
0.807777
0.807712
0.807652
0.807595
0.807542
0.807492
0.807444
0.807399
0.807355
0.80731
0.807262
0.807209
0.807152
0.807087
0.807013
0.806928
0.806831
0.806721
0.806596
0.806454
0.806292
0.806111
0.805909
0.805684
0.805434
0.805158
0.804855
0.804524
0.804163
0.80377
0.803345
0.802888
0.802397
0.801871
0.80131
0.800713
0.800079
0.799408
0.798698
0.797951
0.797165
0.796341
0.795478
0.794579
0.793644
0.792674
0.791668
0.790628
0.789554
0.788447
0.787309
0.78614
0.784943
0.783718
0.782467
0.781191
0.779893
0.778576
0.77724
0.775887
0.774521
0.773142
0.771751
0.770354
0.76895
0.767543
0.766134
0.764726
0.763321
0.761921
0.760528
0.759145
0.757773
0.756416
0.755075
0.753752
0.75245
0.75117
0.749915
0.748687
0.747487
0.746318
0.74518
0.744077
0.743009
0.741978
0.740987
0.740036
0.739128
0.738262
0.73744
0.736663
0.735932
0.735247
0.734611
0.734024
0.733486
0.732998
0.732562
0.732176
0.731842
0.731561
0.731332
0.731156
0.731035
0.730966
0.73095
0.730986
0.731074
0.731215
0.731407
0.73165
0.731943
0.732285
0.732674
0.733109
0.733589
0.734111
0.734673
0.735275
0.735915
0.736592
0.737302
0.738044
0.738815
0.739613
0.740436
0.741282
0.742149
0.743033
0.743932
0.744843
0.745762
0.746689
0.747618
0.748547
0.749473
0.750394
0.751307
0.752208
0.753094
0.753963
0.754813
0.75564
0.756442
0.757215
0.757957
0.758665
0.759335
0.759967
0.760557
0.761102
0.761602
0.762055
0.762458
0.76281
0.763109
0.763353
0.763541
0.763671
0.763744
0.763758
0.763711
0.763604
0.763436
0.763205
0.762912
0.762556
0.762138
0.761658
0.761117
0.760514
0.759851
0.759128
0.758345
0.757504
0.756605
0.755649
0.754638
0.753573
0.752457
0.751292
0.750077
0.748818
0.747515
0.74617
0.744784
0.743361
0.741903
0.740413
0.738892
0.737345
0.735773
0.73418
0.732567
0.730939
0.729298
0.727647
0.725991
0.724334
0.722676
0.721023
0.719378
0.717743
0.716123
0.71452
0.712938
0.711382
0.709855
0.70836
0.706901
0.705482
0.704105
0.702776
0.701497
0.700273
0.699107
0.698003
0.696963
0.695992
0.695091
0.694264
0.693513
0.692842
0.692253
0.691749
0.691332
0.691005
0.690769
0.690628
0.690582
0.690633
0.690783
0.691032
0.691383
0.691836
0.692392
0.693051
0.693813
0.694678
0.695648
0.696722
0.697898
0.699176
0.700555
0.702033
0.703609
0.705282
0.70705
0.708911
0.710863
0.712903
0.71503
0.717241
0.719533
0.721903
0.724348
0.726866
0.729452
0.732105
0.73482
0.737595
0.740427
0.74331
0.746242
0.749219
0.752238
0.755295
0.758388
0.76151
0.764659
0.76783
0.77102
0.774226
0.777443
0.780668
0.783899
0.78713
0.790359
0.793583
0.796798
0.800002
0.803189
0.806359
0.809508
0.812634
0.815733
0.818805
0.821844
0.824849
0.827817
0.830746
0.833634
0.836478
0.839276
0.842028
0.844732
0.847385
0.849986
0.852534
0.855029
0.857469
0.859852
0.862178
0.864445
0.866653
0.868799
0.870885
0.87291
0.874873
0.876774
0.878611
0.880386
0.882097
0.883744
0.885328
0.886849
0.888306
0.8897
0.891031
0.8923
0.893505
0.894648
0.895728
0.896746
0.897704
0.898601
0.899438
0.900217
0.900937
0.901599
0.902204
0.902753
0.903245
0.903684
0.904069
0.904402
0.904684
0.904914
0.905094
0.905225
0.905307
0.905343
0.905333
0.90528
0.905184
0.905046
0.904867
0.904648
0.904391
0.904096
0.903764
0.903397
0.902996
0.902562
0.902095
0.901598
0.901071
0.900515
0.899931
0.899321
0.898684
0.898025
0.897342
0.896639
0.895915
0.895172
0.89441
0.893632
0.892838
0.892028
0.891204
0.890365
0.889515
0.888652
0.887779
0.886896
0.886004
0.885105
0.884197
0.883283
0.882363
0.881438
0.880508
0.879575
0.878638
0.877698
0.876757
0.875814
0.874872
0.873929
0.872989
0.872051
0.871118
0.870189
0.869264
0.868345
0.867433
0.866527
0.865628
0.864736
0.863852
0.862976
0.862108
0.861249
0.8604
0.859563
0.858737
0.857924
0.857123
0.856337
0.855564
0.854803
0.854056
0.853322
0.852602
0.851896
0.851204
0.850526
0.849864
0.849216
0.848584
0.847968
0.847367
0.846781
0.846211
0.845656
0.845117
0.844592
0.84408
0.843582
0.843096
0.842624
0.842164
0.841717
0.841282
0.840858
0.840445
0.840041
0.839645
0.839257
0.838875
0.838499
0.838126
0.837757
0.83739
0.837025
0.836661
0.836296
0.835929
0.835559
0.835185
0.834806
0.83442
0.834026
0.833622
0.833205
0.832776
0.832333
0.831874
0.831397
0.830901
0.830386
0.82985
0.82929
0.828706
0.828097
0.827462
0.826797
0.826103
0.825377
0.82462
0.823829
0.823003
0.822142
0.821243
0.820308
0.819334
0.818322
0.817272
0.816182
0.815054
0.813886
0.81268
0.811433
0.810149
0.808826
0.807466
0.80607
0.804638
0.803171
0.801671
0.800137
0.798573
0.796978
0.795357
0.79371
0.79204
0.790349
0.788642
0.786919
0.785184
0.783441
0.781691
0.779938
0.778184
0.776433
0.774688
0.772954
0.771231
0.769525
0.767839
0.766178
0.764544
0.762941
0.761372
0.75984
0.758349
0.756901
0.755501
0.754151
0.752854
0.751612
0.750427
0.749302
0.74824
0.747242
0.746309
0.745443
0.744646
0.743918
0.743261
0.742674
0.74216
0.741717
0.741347
0.741048
0.740822
0.740667
0.740584
0.740571
0.740629
0.740757
0.740955
0.741221
0.741554
0.741952
0.742415
0.742941
0.74353
0.744178
0.744884
0.745646
0.746464
0.747336
0.748261
0.749236
0.750261
0.751334
0.752453
0.753618
0.754826
0.756076
0.757367
0.758698
0.760065
0.761469
0.762906
0.764377
0.76588
0.767412
0.768973
0.77056
0.772174
0.773812
0.775474
0.777156
0.778858
0.780578
0.782314
0.784066
0.785831
0.787608
0.789395
0.791191
0.792993
0.794802
0.796615
0.79843
0.800247
0.802065
0.803881
0.805693
0.807501
0.809302
0.811095
0.812878
0.814649
0.816408
0.818152
0.819879
0.821588
0.823277
0.824945
0.82659
0.828211
0.829806
0.831373
0.832913
0.834425
0.835906
0.837354
0.83877
0.84015
0.841494
0.842801
0.844069
0.845299
0.846489
0.847637
0.848744
0.849808
0.850827
0.851802
0.852732
0.853615
0.854454
0.855246
0.855991
0.856689
0.857339
0.857942
0.858495
0.859
0.859454
0.859859
0.860214
0.86052
0.860777
0.860983
0.861139
0.861245
0.861301
0.861307
0.861263
0.861171
0.861029
0.860838
0.8606
0.860313
0.859978
0.859596
0.859168
0.858695
0.858178
0.857617
0.85701
0.85636
0.855668
0.854934
0.85416
0.853345
0.852492
0.8516
0.850671
0.849706
0.848706
0.847673
0.846608
0.845511
0.844386
0.843231
0.842049
0.84084
0.839608
0.838352
0.837074
0.835774
0.834455
0.833119
0.831766
0.830398
0.829015
0.82762
0.826214
0.8248
0.823377
0.821948
0.820515
0.819078
0.817639
0.816199
0.81476
0.813324
0.81189
0.81046
0.809036
0.807618
0.806209
0.804809
0.803419
0.80204
0.800674
0.79932
0.79798
0.796655
0.795343
0.794048
0.792771
0.791512
0.790271
0.789049
0.787845
0.786661
0.785496
0.784351
0.783225
0.782119
0.781031
0.779964
0.778916
0.777888
0.77688
0.775891
0.774921
0.773971
0.77304
0.772127
0.771232
0.770356
0.769497
0.768656
0.767832
0.767025
0.766235
0.76546
0.764702
0.763961
0.763235
0.762525
0.761831
0.761152
0.760488
0.759839
0.759205
0.758586
0.757981
0.757391
0.756815
0.756252
0.755703
0.755166
0.754643
0.754133
0.753636
0.753153
0.752682
0.752224
0.751776
0.75134
0.750914
0.7505
0.750096
0.749703
0.749322
0.748951
0.748591
0.748241
0.747902
0.747573
0.747253
0.746943
0.746642
0.746351
0.746068
0.745796
0.745532
0.745277
0.745031
0.744795
0.744568
0.744352
0.744147
0.743951
0.743764
0.743588
0.743423
0.74327
0.743128
0.742999
0.742881
0.742775
0.742682
0.742602
0.742536
0.742484
0.742447
0.742425
0.742419
0.742428
0.742453
0.742495
0.742556
0.742634
0.742731
0.742846
0.742982
0.743139
0.743317
0.743517
0.743739
0.743983
0.74425
0.74454
0.744852
0.74519
0.745552
0.74594
0.746355
0.746796
0.747262
0.747753
0.748272
0.748817
0.749387
0.749983
0.750605
0.751252
0.751924
0.752622
0.753345
0.754095
0.75487
0.75567
0.756495
0.757343
0.758215
0.759111
0.76003
0.76097
0.76193
0.762911
0.763913
0.764935
0.765975
0.767032
0.768105
0.769193
0.770294
0.771409
0.772534
0.77367
0.774815
0.775969
0.777129
0.778295
0.779467
0.780642
0.78182
0.783
0.784179
0.785356
0.78653
0.7877
0.788865
0.790023
0.791172
0.792312
0.793441
0.794559
0.795665
0.796757
0.797834
0.798896
0.799942
0.800969
0.801978
0.802968
0.803937
0.804884
0.805809
0.806712
0.807592
0.808449
0.809282
0.81009
0.810873
0.81163
0.812362
0.813066
0.813744
0.814393
0.815016
0.81561
0.816178
0.816718
0.817231
0.817716
0.818173
0.818603
0.819005
0.81938
0.819728
0.820049
0.820344
0.820612
0.820852
0.821067
0.821256
0.821421
0.82156
0.821673
0.821762
0.821827
0.821868
0.821884
0.821876
0.821844
0.821787
0.821708
0.821606
0.821479
0.821329
0.821156
0.820961
0.820745
0.820505
0.820244
0.819961
0.819656
0.819329
0.818981
0.818612
0.818222
0.817811
0.817379
0.816926
0.816453
0.815962
0.815453
0.814925
0.81438
0.813817
0.813238
0.812645
0.812037
0.811417
0.810787
0.810145
0.809494
0.808834
0.808166
0.807494
0.806819
0.806141
0.805463
0.804786
0.804112
0.803445
0.802786
0.802137
0.8015
0.800877
0.800271
0.799685
0.799122
0.798583
0.798072
0.79759
0.797139
0.796723
0.796344
0.796005
0.795707
0.795454
0.795247
0.795089
0.794982
0.79493
0.794933
0.794993
0.795112
0.795291
0.795533
0.795837
0.796206
0.79664
0.797141
0.797707
0.798339
0.799037
0.799802
0.800635
0.801535
0.8025
0.803531
0.804628
0.805788
0.807008
0.808289
0.809628
0.811025
0.812476
0.813981
0.815536
0.817139
0.818788
0.82048
0.822211
0.82398
0.825784
0.82762
0.829486
0.831378
0.833294
0.83523
0.837184
0.839151
0.841129
0.843115
0.845105
0.847097
0.849089
0.851079
0.853063
0.855037
0.856998
0.858943
0.860869
0.862775
0.864656
0.866511
0.868336
0.870128
0.871886
0.873605
0.875285
0.876923
0.878515
0.880062
0.88156
0.883009
0.884406
0.885748
0.887032
0.888257
0.889421
0.890521
0.891557
0.892525
0.893425
0.894254
0.895012
0.895696
0.896306
0.89684
0.897298
0.897677
0.897978
0.898199
0.89834
0.8984
0.898378
0.898273
0.898086
0.897815
0.89746
0.89702
0.896496
0.895888
0.895195
0.894419
0.893558
0.892615
0.891588
0.890481
0.889291
0.888021
0.88667
0.885239
0.883731
0.882146
0.880487
0.878753
0.876946
0.875067
0.873121
0.871107
0.86903
0.866889
0.864687
0.862426
0.860109
0.857737
0.855312
0.852839
0.85032
0.847758
0.845156
0.842516
0.839841
0.837136
0.834402
0.831645
0.828867
0.826072
0.823262
0.820442
0.817613
0.81478
0.811947
0.809116
0.80629
0.803474
0.80067
0.797883
0.795115
0.79237
0.789649
0.786958
0.784298
0.781674
0.779088
0.776543
0.774041
0.771587
0.76918
0.766825
0.764525
0.76228
0.760092
0.757965
0.755899
0.753899
0.751965
0.750099
0.748302
0.746577
0.744924
0.743344
0.741839
0.740411
0.739058
0.737783
0.736586
0.735468
0.734429
0.733469
0.732589
0.731789
0.731069
0.730429
0.729869
0.729391
0.728992
0.728674
0.728436
0.728276
0.728194
0.72819
0.728263
0.728412
0.728636
0.728935
0.729307
0.729751
0.730266
0.73085
0.731503
0.732223
0.733008
0.733858
0.734769
0.735742
0.736773
0.737862
0.739006
0.740204
0.741453
0.742752
0.744098
0.74549
0.746926
0.748404
0.749921
0.751476
0.753066
0.754689
0.756343
0.758026
0.759736
0.761471
0.76323
0.765009
0.766807
0.768621
0.77045
0.772294
0.774148
0.776009
0.777877
0.77975
0.781625
0.7835
0.785375
0.787249
0.789117
0.79098
0.792835
0.794682
0.796519
0.798343
0.800154
0.80195
0.803731
0.805495
0.807241
0.808967
0.810673
0.812358
0.81402
0.815658
0.817273
0.818861
0.820422
0.821954
0.823456
0.824928
0.826369
0.827778
0.829155
0.830497
0.831806
0.83308
0.834319
0.835522
0.836688
0.837815
0.838904
0.839954
0.840965
0.841936
0.842865
0.843752
0.844597
0.845399
0.846158
0.846874
0.847546
0.848173
0.848755
0.84929
0.84978
0.850223
0.850618
0.850966
0.851267
0.85152
0.851726
0.851883
0.851991
0.852051
0.852063
0.852027
0.851943
0.85181
0.851628
0.851399
0.851123
0.850801
0.850432
0.850017
0.849556
0.84905
0.848499
0.847905
0.847268
0.84659
0.84587
0.845109
0.844308
0.843468
0.84259
0.841675
0.840725
0.83974
0.838723
0.837675
0.836596
0.835488
0.834353
0.833193
0.832007
0.8308
0.829572
0.828325
0.827059
0.825777
0.824479
0.823169
0.82185
0.820522
0.819187
0.817846
0.816502
0.815156
0.813812
0.81247
0.811132
0.8098
0.808477
0.807163
0.805862
0.804576
0.803307
0.802056
0.800827
0.79962
0.798438
0.797283
0.796156
0.795061
0.793998
0.792968
0.791974
0.791017
0.7901
0.789224
0.788389
0.787597
0.78685
0.786148
0.785494
0.784889
0.784333
0.783828
0.783374
0.782972
0.782624
0.782329
0.782089
0.781904
0.781775
0.781699
0.78168
0.781716
0.781807
0.781953
0.782153
0.782406
0.782711
0.783067
0.783473
0.78393
0.784434
0.784986
0.785585
0.786229
0.786915
0.787641
0.788405
0.789205
0.79004
0.790906
0.791801
0.792724
0.793671
0.794641
0.795631
0.796639
0.797662
0.798697
0.79974
0.80079
0.801844
0.8029
0.803954
0.805005
0.80605
0.807086
0.80811
0.809118
0.810109
0.811081
0.81203
0.812954
0.813851
0.814719
0.815556
0.81636
0.817128
0.817861
0.818554
0.819207
0.819817
0.820383
0.820902
0.821373
0.821796
0.822167
0.822486
0.822753
0.822966
0.823123
0.823225
0.823272
0.823262
0.823196
0.823072
0.82289
0.822651
0.822353
0.821996
0.821581
0.82111
0.820581
0.819995
0.819353
0.818655
0.817902
0.817096
0.816237
0.815325
0.814362
0.813348
0.812284
0.811171
0.810011
0.808806
0.807556
0.806263
0.804929
0.803556
0.802144
0.800695
0.799211
0.797694
0.796147
0.794571
0.792968
0.791341
0.789689
0.788017
0.786325
0.784616
0.782891
0.781153
0.779402
0.777642
0.775874
0.774101
0.772324
0.770546
0.76877
0.766996
0.765226
0.763463
0.761709
0.759966
0.758236
0.75652
0.754821
0.753141
0.751481
0.749845
0.748236
0.746655
0.745105
0.743586
0.742101
0.740652
0.739241
0.73787
0.736542
0.735258
0.734022
0.732833
0.731695
0.730608
0.729576
0.728599
0.727679
0.726817
0.726017
0.725279
0.724604
0.723994
0.723449
0.72297
0.722557
0.722213
0.721937
0.721729
0.721589
0.721518
0.721515
0.72158
0.721712
0.72191
0.722172
0.722498
0.722886
0.723335
0.723844
0.72441
0.725031
0.725706
0.726433
0.727208
0.728031
0.728898
0.729808
0.730758
0.731745
0.732767
0.733822
0.734908
0.736023
0.737162
0.738325
0.739509
0.740712
0.741933
0.743169
0.744418
0.745679
0.74695
0.74823
0.74952
0.750817
0.75212
0.75343
0.754745
0.756065
0.757391
0.758721
0.760057
0.761397
0.762744
0.764096
0.765455
0.766821
0.768195
0.769578
0.77097
0.772372
0.773787
0.775215
0.776658
0.778115
0.779588
0.781077
0.782584
0.784108
0.785651
0.787213
0.788797
0.790402
0.792027
0.793673
0.795341
0.797029
0.798738
0.800466
0.802214
0.803981
0.805766
0.807567
0.809385
0.811219
0.813066
0.814927
0.816797
0.818676
0.820561
0.82245
0.824342
0.826237
0.828131
0.830022
0.831907
0.833784
0.835651
0.837504
0.839342
0.841164
0.842966
0.844747
0.846504
0.848234
0.849935
0.851604
0.853241
0.854841
0.856404
0.857927
0.859408
0.860845
0.862236
0.863579
0.86487
0.86611
0.867296
0.868426
0.869497
0.87051
0.871462
0.872352
0.873179
0.873942
0.874639
0.875269
0.87583
0.876321
0.876744
0.877095
0.877376
0.877584
0.877719
0.877782
0.877771
0.877687
0.877529
0.877297
0.876992
0.876614
0.876165
0.875643
0.875049
0.874384
0.873648
0.872843
0.871969
0.871028
0.870022
0.868951
0.867818
0.866624
0.865371
0.864061
0.862695
0.861276
0.859806
0.858288
0.856724
0.855115
0.853465
0.851778
0.850057
0.848303
0.846522
0.844715
0.842887
0.84104
0.839177
0.837303
0.83542
0.833533
0.831646
0.829762
0.827884
0.826017
0.824165
0.822331
0.820519
0.818733
0.816975
0.815249
0.813558
0.811907
0.810298
0.808735
0.807221
0.805759
0.804353
0.803003
0.801714
0.800487
0.799326
0.798232
0.797208
0.796255
0.795374
0.794567
0.793836
0.793181
0.792605
0.792108
0.791689
0.791349
0.791088
0.790907
0.790806
0.790785
0.790843
0.790978
0.79119
0.791478
0.791842
0.792279
0.792789
0.79337
0.794022
0.794743
0.795532
0.796387
0.797305
0.798286
0.799326
0.800425
0.801579
0.802787
0.804047
0.805356
0.806713
0.808116
0.809563
0.81105
0.812575
0.814136
0.815731
0.817356
0.81901
0.82069
0.822393
0.824118
0.825861
0.827619
0.829391
0.831174
0.832965
0.834762
0.836561
0.838359
0.840153
0.841942
0.843724
0.845494
0.84725
0.84899
0.85071
0.852408
0.854082
0.855727
0.857343
0.858926
0.860474
0.861983
0.863453
0.864878
0.866258
0.867588
0.868868
0.870096
0.871268
0.872383
0.873437
0.87443
0.875359
0.876223
0.87702
0.877749
0.878409
0.878998
0.879515
0.879958
0.880327
0.880622
0.880841
0.880983
0.881048
0.881036
0.880947
0.880781
0.880537
0.880218
0.879822
0.879351
0.878805
0.878184
0.87749
0.876723
0.875885
0.874977
0.874
0.872955
0.871845
0.870671
0.869435
0.868139
0.866786
0.865378
0.863917
0.862405
0.860844
0.859237
0.857587
0.855895
0.854164
0.852398
0.850597
0.848767
0.846909
0.845025
0.843119
0.841193
0.839249
0.837289
0.835316
0.833332
0.831341
0.829343
0.827342
0.825339
0.823337
0.821337
0.819343
0.817356
0.815377
0.81341
0.811457
0.809518
0.807595
0.80569
0.803804
0.801941
0.800099
0.798282
0.79649
0.794726
0.792991
0.791286
0.789612
0.787971
0.786362
0.784787
0.783247
0.781742
0.780274
0.778843
0.777447
0.776089
0.774769
0.773489
0.772247
0.771045
0.769882
0.768759
0.767675
0.766631
0.765627
0.764662
0.763736
0.76285
0.762003
0.761195
0.760427
0.759697
0.759005
0.758351
0.757734
0.757155
0.756611
0.756102
0.755629
0.755189
0.754784
0.754413
0.754074
0.753768
0.753494
0.753252
0.75304
0.752859
0.752708
0.752585
0.752491
0.752425
0.752387
0.752375
0.752387
0.752423
0.752481
0.752562
0.752664
0.752787
0.752929
0.753091
0.753272
0.753471
0.753687
0.75392
0.754167
0.754428
0.754702
0.754989
0.755288
0.755598
0.755917
0.756246
0.756585
0.75693
0.757282
0.757639
0.757999
0.758361
0.758724
0.759087
0.75945
0.75981
0.760169
0.760523
0.760873
0.761217
0.761553
0.76188
0.762199
0.762509
0.762808
0.763097
0.763374
0.763638
0.763888
0.764123
0.764342
0.764544
0.764728
0.764894
0.765041
0.765168
0.765276
0.765364
0.765432
0.765479
0.765506
0.765512
0.765496
0.765459
0.765401
0.765323
0.765223
0.765103
0.764963
0.764803
0.764622
0.764423
0.764205
0.763968
0.763714
0.763442
0.763154
0.762849
0.76253
0.762196
0.761848
0.761486
0.76111
0.760723
0.760324
0.759914
0.759494
0.759063
0.758623
0.758173
0.757714
0.757246
0.756771
0.75629
0.755802
0.755309
0.754812
0.754313
0.75381
0.753305
0.752797
0.752287
0.751776
0.751263
0.75075
0.750238
0.749727
0.749219
0.748715
0.748215
0.747721
0.747233
0.746752
0.74628
0.745817
0.745365
0.744925
0.744497
0.744083
0.743684
0.743301
0.742937
0.742592
0.742268
0.741966
0.741687
0.741432
0.741202
0.740999
0.740824
0.740678
0.740563
0.740478
0.740424
0.740404
0.740416
0.740463
0.740546
0.740664
0.740819
0.74101
0.741239
0.741505
0.741809
0.742151
0.742531
0.742949
0.743404
0.743896
0.744425
0.744991
0.745594
0.746233
0.746907
0.747616
0.748359
0.749135
0.749943
0.750782
0.751651
0.752549
0.753475
0.754428
0.755407
0.756411
0.757437
0.758485
0.759555
0.760646
0.761754
0.76288
0.764021
0.765176
0.766344
0.767525
0.768718
0.769919
0.771129
0.772345
0.773566
0.774791
0.776018
0.777245
0.778473
0.779699
0.780923
0.782143
0.783357
0.784563
0.785761
0.786948
0.788124
0.789287
0.790436
0.791569
0.792687
0.793786
0.794866
0.795926
0.796964
0.797979
0.79897
0.799935
0.800875
0.801787
0.802671
0.803528
0.804356
0.805154
0.805919
0.806652
0.807352
0.808019
0.808651
0.809249
0.809813
0.810341
0.810835
0.811293
0.811715
0.812103
0.812455
0.812774
0.813058
0.813309
0.813526
0.813711
0.813864
0.813986
0.814077
0.814139
0.814172
0.814176
0.814153
0.814105
0.814033
0.813937
0.813818
0.813679
0.81352
0.813343
0.81315
0.812942
0.812719
0.812482
0.812234
0.811975
0.811709
0.811435
0.811153
0.810866
0.810573
0.810276
0.809977
0.809675
0.809373
0.809071
0.808769
0.808468
0.80817
0.807874
0.807583
0.807296
0.807014
0.806738
0.806468
0.806205
0.805948
0.805698
0.805456
0.805222
0.804997
0.804781
0.804577
0.804383
0.804199
0.804027
0.803865
0.803715
0.803579
0.803455
0.803345
0.803249
0.803168
0.803103
0.803054
0.803021
0.803006
0.803008
0.803028
0.803068
0.803127
0.803207
0.803307
0.803428
0.803571
0.803737
0.803927
0.804141
0.804379
0.804641
0.804926
0.805236
0.80557
0.805928
0.806311
0.806716
0.807147
0.807601
0.808079
0.80858
0.809103
0.809647
0.810213
0.810799
0.811406
0.812033
0.812679
0.813342
0.814022
0.814717
0.815428
0.816152
0.816889
0.81764
0.818401
0.819172
0.819952
0.820737
0.821528
0.822323
0.82312
0.823918
0.824718
0.825515
0.826308
0.827098
0.827881
0.828657
0.829424
0.83018
0.830924
0.831656
0.832374
0.833077
0.833763
0.834433
0.835083
0.835714
0.836324
0.836912
0.837478
0.838022
0.83854
0.839033
0.8395
0.83994
0.840351
0.840735
0.84109
0.841416
0.841711
0.841977
0.842212
0.842416
0.842588
0.842727
0.842834
0.842908
0.842949
0.842957
0.84293
0.842869
0.842774
0.842645
0.842481
0.842282
0.842049
0.841781
0.841478
0.84114
0.840769
0.840364
0.839925
0.839452
0.838945
0.838405
0.837831
0.837226
0.83659
0.835923
0.835225
0.834498
0.833742
0.832957
0.832145
0.831306
0.830442
0.829555
0.828646
0.827716
0.826768
0.825803
0.824822
0.823829
0.822825
0.821812
0.820793
0.819771
0.818748
0.817729
0.816714
0.815708
0.814713
0.813733
0.812772
0.811832
0.810918
0.810034
0.809182
0.808366
0.807592
0.806862
0.806181
0.80555
0.804974
0.804457
0.804002
0.803613
0.803292
0.803043
0.802867
0.802767
0.802747
0.802806
0.802946
0.803168
0.803473
0.803862
0.804335
0.804891
0.805529
0.806246
0.807042
0.807914
0.808858
0.809871
0.810952
0.812094
0.813296
0.814553
0.815861
0.817212
0.818601
0.820025
0.821477
0.822953
0.824447
0.825952
0.827464
0.828975
0.830481
0.831974
0.833451
0.834905
0.836331
0.837725
0.839081
0.840395
0.841663
0.842881
0.844045
0.845151
0.846196
0.847176
0.848088
0.84893
0.849701
0.850397
0.851016
0.851557
0.85202
0.852403
0.852704
0.852923
0.85306
0.853115
0.853088
0.852982
0.852795
0.852529
0.852186
0.851766
0.851271
0.850702
0.850062
0.849354
0.84858
0.847742
0.846843
0.845885
0.844872
0.843806
0.842691
0.841529
0.840325
0.839082
0.837801
0.836488
0.835145
0.833776
0.832386
0.830977
0.829554
0.82812
0.826677
0.82523
0.823782
0.822337
0.820898
0.819469
0.818052
0.816651
0.815268
0.813906
0.812569
0.811258
0.809977
0.808728
0.807513
0.806336
0.805196
0.804097
0.803042
0.80203
0.801063
0.800143
0.799269
0.798445
0.79767
0.796946
0.796274
0.795654
0.795086
0.794572
0.794109
0.793699
0.793341
0.793036
0.792784
0.792585
0.792437
0.792341
0.792296
0.792301
0.792357
0.792461
0.792616
0.79282
0.793071
0.79337
0.793717
0.794111
0.79455
0.795034
0.795562
0.796134
0.796748
0.797403
0.7981
0.798837
0.799614
0.800431
0.801287
0.80218
0.80311
0.804077
0.80508
0.806118
0.807191
0.8083
0.809443
0.810619
0.811828
0.813067
0.814338
0.815639
0.816969
0.818328
0.819714
0.821126
0.822563
0.824024
0.825508
0.827013
0.82854
0.830086
0.831649
0.833227
0.83482
0.836425
0.838042
0.839668
0.841302
0.842942
0.844587
0.846233
0.847878
0.849521
0.851159
0.852791
0.854416
0.856029
0.857629
0.859214
0.860782
0.862331
0.863858
0.86536
0.866835
0.868282
0.869697
0.871079
0.872424
0.873731
0.874997
0.876222
0.877403
0.878537
0.879623
0.880659
0.881643
0.882573
0.883447
0.884264
0.885022
0.88572
0.886356
0.886928
0.887435
0.887875
0.888249
0.888556
0.888793
0.888961
0.88906
0.889089
0.889045
0.88893
0.888743
0.888483
0.888152
0.887751
0.887278
0.886733
0.886117
0.885429
0.884672
0.883845
0.88295
0.881986
0.880956
0.87986
0.878699
0.877475
0.87619
0.874846
0.873443
0.871983
0.870467
0.868897
0.867277
0.865606
0.863888
0.862126
0.86032
0.858474
0.85659
0.854669
0.852713
0.850726
0.848709
0.846663
0.844592
0.842497
0.840382
0.838248
0.836099
0.833936
0.831763
0.829582
0.827394
0.825201
0.823005
0.820808
0.818614
0.816425
0.81424
0.812064
0.809897
0.807742
0.805599
0.803473
0.801365
0.799276
0.797209
0.795164
0.793142
0.791146
0.789177
0.787237
0.785327
0.783449
0.781603
0.779791
0.778015
0.776275
0.774572
0.772909
0.771286
0.769703
0.768163
0.766665
0.76521
0.763801
0.762437
0.76112
0.759849
0.758626
0.757452
0.756327
0.755252
0.754227
0.753252
0.752327
0.751453
0.750631
0.749861
0.749142
0.748476
0.747861
0.747298
0.746787
0.746326
0.745916
0.745556
0.745247
0.744986
0.744773
0.744609
0.744493
0.744425
0.744403
0.744426
0.744494
0.744606
0.74476
0.744956
0.745191
0.745465
0.745778
0.746129
0.746515
0.746936
0.74739
0.747876
0.748393
0.748938
0.749512
0.750112
0.750736
0.751385
0.752056
0.752747
0.753458
0.754187
0.754932
0.755691
0.756465
0.757251
0.758047
0.758851
0.759661
0.760477
0.761296
0.762116
0.762936
0.763753
0.764566
0.765372
0.766173
0.766965
0.767748
0.768519
0.769277
0.770021
0.770747
0.771455
0.772143
0.77281
0.773455
0.774076
0.774671
0.775239
0.775778
0.776287
0.776766
0.777213
0.777628
0.77801
0.778358
0.778671
0.778948
0.77919
0.779394
0.779561
0.779692
0.779785
0.779841
0.77986
0.779842
0.779787
0.779695
0.779566
0.779399
0.779195
0.778956
0.778682
0.778373
0.778031
0.777654
0.777246
0.776806
0.776337
0.77584
0.775315
0.774765
0.774191
0.773595
0.772977
0.772339
0.771683
0.77101
0.770324
0.769626
0.768917
0.768199
0.767474
0.766745
0.766013
0.76528
0.764549
0.763821
0.763099
0.762384
0.761677
0.760983
0.760301
0.759635
0.758987
0.758358
0.757751
0.757165
0.756604
0.756068
0.75556
0.755081
0.754632
0.754214
0.753829
0.753479
0.753164
0.752884
0.752641
0.752435
0.752267
0.752136
0.752044
0.75199
0.751974
0.751998
0.752059
0.752158
0.752295
0.75247
0.752681
0.752927
0.753208
0.753524
0.753873
0.754253
0.754664
0.755103
0.75557
0.756062
0.756577
0.757115
0.757673
0.758251
0.758844
0.759451
0.76007
0.760699
0.761337
0.761981
0.762628
0.763278
0.763928
0.764575
0.765218
0.765853
0.76648
0.767096
0.7677
0.76829
0.768863
0.769418
0.769952
0.770465
0.770955
0.771421
0.77186
0.772273
0.772658
0.773012
0.773336
0.773628
0.773887
0.774112
0.774302
0.774457
0.774576
0.77466
0.774706
0.774717
0.774693
0.774633
0.774538
0.774407
0.77424
0.774039
0.773803
0.773534
0.773231
0.772896
0.77253
0.772134
0.771709
0.771254
0.770771
0.770262
0.76973
0.769173
0.768594
0.767993
0.767371
0.76673
0.766073
0.7654
0.764712
0.764011
0.763297
0.762572
0.761838
0.761097
0.760349
0.759595
0.758838
0.758078
0.757317
0.756555
0.755795
0.755036
0.754281
0.753529
0.752782
0.752042
0.751308
0.750582
0.749864
0.749156
0.748458
0.747771
0.747098
0.746438
0.745791
0.745158
0.744539
0.743935
0.743346
0.742775
0.742221
0.741683
0.741164
0.740664
0.740182
0.739721
0.739281
0.738863
0.738468
0.738096
0.737748
0.737425
0.737128
0.736858
0.736616
0.736404
0.736223
0.736074
0.735961
0.735883
0.735843
0.735841
0.735881
0.735963
0.73609
0.736264
0.736488
0.736762
0.73709
0.737472
0.737912
0.738411
0.738972
0.739597
0.740288
0.741047
0.741877
0.742778
0.743754
0.744805
0.745932
0.747139
0.748425
0.749791
0.75124
0.75277
0.754383
0.756079
0.757859
0.75972
0.761664
0.76369
0.765796
0.76798
0.770243
0.77258
0.77499
0.77747
0.780019
0.782632
0.785308
0.788043
0.790833
0.793675
0.796564
0.799496
0.802467
0.805474
0.808511
0.811574
0.814657
0.817757
0.82087
0.82399
0.827112
0.830232
0.833344
0.836443
0.839526
0.842587
0.845622
0.848627
0.851598
0.85453
0.857419
0.86026
0.863051
0.865789
0.86847
0.87109
0.873647
0.876136
0.878556
0.880905
0.883179
0.885377
0.887496
0.889534
0.891491
0.893364
0.895152
0.896856
0.898473
0.900003
0.901446
0.902804
0.904073
0.905254
0.906346
0.90735
0.908267
0.909097
0.909839
0.910495
0.911066
0.911552
0.911957
0.91228
0.912523
0.912686
0.912772
0.912783
0.912719
0.912582
0.912374
0.912095
0.91175
0.911338
0.910862
0.910326
0.90973
0.909078
0.908371
0.907609
0.906796
0.905934
0.905023
0.904065
0.903064
0.902022
0.900939
0.899819
0.898664
0.897475
0.896254
0.895003
0.893725
0.89242
0.891094
0.889747
0.888381
0.887
0.885603
0.884193
0.882772
0.88134
0.879899
0.878451
0.877
0.875547
0.874093
0.872638
0.871185
0.869736
0.868291
0.866853
0.865423
0.864004
0.862596
0.861202
0.859824
0.858465
0.857125
0.855808
0.854513
0.853244
0.852002
0.850789
0.849609
0.848463
0.847353
0.846281
0.84525
0.844262
0.843318
0.84242
0.841571
0.840773
0.840025
0.839329
0.838687
0.8381
0.83757
0.837097
0.836682
0.836325
0.836025
0.835784
0.8356
0.835473
0.835403
0.835388
0.835427
0.835518
0.835659
0.835847
0.836081
0.836356
0.836671
0.837022
0.837404
0.837814
0.838248
0.838702
0.839172
0.839654
0.840144
0.840637
0.841128
0.841615
0.842092
0.842554
0.842998
0.84342
0.843816
0.844182
0.844515
0.84481
0.845065
0.845278
0.845444
0.845562
0.84563
0.845645
0.845606
0.84551
0.845357
0.845146
0.844878
0.844552
0.844165
0.843719
0.843213
0.842648
0.842023
0.841339
0.840599
0.839804
0.838955
0.838054
0.837104
0.836106
0.835063
0.833976
0.832848
0.83168
0.830476
0.829238
0.827969
0.826672
0.82535
0.824005
0.82264
0.821258
0.819861
0.818454
0.817037
0.815616
0.814191
0.812768
0.811348
0.809935
0.808529
0.807135
0.805755
0.804392
0.803047
0.801722
0.80042
0.799142
0.797891
0.796665
0.795468
0.794301
0.793164
0.79206
0.79099
0.789955
0.788956
0.787993
0.787066
0.786176
0.785324
0.78451
0.783733
0.782995
0.782296
0.781635
0.781013
0.780428
0.779881
0.779371
0.778899
0.778463
0.778065
0.777703
0.777377
0.777087
0.776832
0.776612
0.776426
0.776273
0.776154
0.776067
0.776013
0.775991
0.776
0.77604
0.77611
0.776209
0.776337
0.776495
0.776682
0.776896
0.777138
0.777408
0.777703
0.778025
0.778373
0.778746
0.779145
0.779569
0.780018
0.780493
0.780991
0.781513
0.782057
0.782622
0.783207
0.783811
0.784435
0.785078
0.785738
0.786414
0.787107
0.787814
0.788535
0.78927
0.790016
0.790775
0.791543
0.792321
0.793107
0.7939
0.794699
0.795502
0.796309
0.797118
0.79793
0.798741
0.799552
0.800361
0.801167
0.801966
0.802759
0.803544
0.80432
0.805085
0.805838
0.806579
0.807306
0.808019
0.808715
0.809393
0.810052
0.810691
0.811309
0.811904
0.812476
0.813022
0.813543
0.814035
0.814501
0.81494
0.815348
0.815726
0.816073
0.816388
0.816671
0.816922
0.817139
0.817322
0.817471
0.817585
0.817664
0.817707
0.817715
0.817689
0.817628
0.817532
0.817401
0.817236
0.817038
0.816806
0.816541
0.816243
0.815913
0.81555
0.815157
0.814734
0.814283
0.813803
0.813296
0.812761
0.812201
0.811616
0.811007
0.810374
0.809719
0.809043
0.808348
0.807633
0.8069
0.806151
0.805386
0.804608
0.803818
0.803016
0.802204
0.801384
0.800556
0.799722
0.798883
0.798042
0.7972
0.796358
0.795517
0.794679
0.793845
0.793015
0.792192
0.791377
0.790572
0.789778
0.788997
0.788231
0.78748
0.786745
0.786029
0.785332
0.784655
0.784
0.783367
0.782758
0.782174
0.781615
0.781083
0.780578
0.780101
0.779653
0.779235
0.778847
0.77849
0.778164
0.777869
0.777605
0.777373
0.777171
0.777001
0.776861
0.776751
0.776672
0.776621
0.776599
0.776606
0.77664
0.776699
0.776784
0.776892
0.777024
0.777178
0.777352
0.777546
0.777759
0.777988
0.778232
0.778488
0.778756
0.779034
0.779322
0.779619
0.779922
0.780231
0.780543
0.780858
0.781175
0.781492
0.781809
0.782124
0.782437
0.782748
0.783053
0.783353
0.783646
0.783933
0.784212
0.784483
0.784745
0.784997
0.785239
0.785472
0.785694
0.785907
0.786109
0.786299
0.786479
0.786646
0.786802
0.786946
0.787078
0.787197
0.787303
0.787397
0.787479
0.787548
0.787605
0.787649
0.787681
0.787701
0.787709
0.787703
0.787684
0.787652
0.787607
0.78755
0.787479
0.787396
0.7873
0.787191
0.78707
0.786937
0.786793
0.786637
0.786468
0.786287
0.786094
0.785889
0.785674
0.785448
0.785212
0.784966
0.784711
0.78445
0.784181
0.783906
0.783625
0.783339
0.783049
0.782755
0.782458
0.782157
0.781854
0.78155
0.781244
0.780938
0.780633
0.780329
0.780029
0.779731
0.779436
0.779145
0.778859
0.778578
0.778304
0.778038
0.77778
0.777529
0.777285
0.777049
0.776821
0.776602
0.776391
0.776189
0.775997
0.775813
0.775639
0.775472
0.775313
0.775163
0.77502
0.774883
0.774752
0.774626
0.774503
0.774383
0.774266
0.77415
0.774035
0.773919
0.773803
0.773684
0.77356
0.773432
0.773297
0.773154
0.773003
0.772841
0.772668
0.772482
0.772282
0.772067
0.771835
0.771583
0.771312
0.771019
0.770704
0.770367
0.770005
0.769617
0.769203
0.76876
0.768289
0.767788
0.767259
0.7667
0.766111
0.765492
0.764843
0.764163
0.763453
0.762713
0.761944
0.761146
0.760321
0.759471
0.758596
0.757698
0.756779
0.75584
0.754883
0.753911
0.752925
0.751928
0.750921
0.749908
0.748893
0.747877
0.746864
0.745857
0.744859
0.743873
0.742903
0.741952
0.741024
0.740122
0.739249
0.738408
0.737602
0.736837
0.736114
0.735437
0.734808
0.734231
0.733707
0.733239
0.73283
0.732483
0.732199
0.731981
0.73183
0.731748
0.731735
0.731794
0.731925
0.732129
0.732405
0.732755
0.733178
0.733673
0.734241
0.734882
0.735595
0.73638
0.737234
0.738157
0.739147
0.740205
0.741327
0.742513
0.743762
0.745072
0.746443
0.747872
0.749358
0.750898
0.752491
0.754134
0.755827
0.757569
0.759357
0.761189
0.763065
0.764982
0.766939
0.768934
0.770964
0.77303
0.775129
0.777261
0.779424
0.781616
0.783837
0.786085
0.78836
0.790658
0.792979
0.795321
0.797683
0.800063
0.802461
0.804875
0.807304
0.809747
0.812202
0.814668
0.817144
0.819627
0.822118
0.824615
0.827116
0.829621
0.832128
0.834636
0.837142
0.839646
0.842147
0.844643
0.847132
0.849614
0.852086
0.854547
0.856996
0.85943
0.86185
0.864252
0.866636
0.868999
0.871342
0.873663
0.875958
0.878226
0.880465
0.882674
0.884851
0.886995
0.889105
0.891177
0.893211
0.895205
0.897156
0.899064
0.900925
0.902738
0.904502
0.906216
0.907877
0.909484
0.911036
0.912531
0.913967
0.915341
0.916655
0.917905
0.919092
0.920212
0.921265
0.922249
0.923163
0.924007
0.924778
0.925478
0.926105
0.926657
0.927134
0.927536
0.927862
0.928111
0.928282
0.928375
0.92839
0.928327
0.928186
0.927966
0.927667
0.92729
0.926835
0.926302
0.925692
0.925006
0.924244
0.923407
0.922495
0.92151
0.920452
0.919324
0.918126
0.916859
0.915524
0.914123
0.912657
0.911128
0.909538
0.907889
0.906184
0.904425
0.902613
0.90075
0.898837
0.896877
0.89487
0.892819
0.890726
0.888592
0.886422
0.884217
0.881978
0.879707
0.877406
0.875078
0.872727
0.870354
0.867961
0.865547
0.863117
0.860672
0.858213
0.855743
0.853263
0.850774
0.848279
0.845778
0.843275
0.840769
0.838263
0.835759
0.833258
0.83076
0.82827
0.825789
0.823316
0.820855
0.818407
0.815974
0.813556
0.811156
0.808775
0.806415
0.804079
0.801767
0.799482
0.797226
0.795
0.792806
0.790647
0.788525
0.786441
0.784397
0.782394
0.780436
0.778525
0.776663
0.774852
0.773095
0.771392
0.769745
0.768158
0.766631
0.765168
0.763769
0.762437
0.761174
0.759981
0.758861
0.757813
0.75684
0.755944
0.755127
0.754388
0.753728
0.753149
0.752651
0.752234
0.7519
0.751648
0.751478
0.751392
0.751388
0.751467
0.751629
0.751872
0.752198
0.752605
0.753092
0.753659
0.754303
0.755023
0.755819
0.756689
0.757631
0.758644
0.759726
0.760877
0.762093
0.763373
0.764715
0.766115
0.767572
0.769086
0.770653
0.772272
0.773941
0.775656
0.777414
0.779214
0.781053
0.782929
0.78484
0.786781
0.788752
0.79075
0.792772
0.794817
0.796884
0.79897
0.801071
0.803185
0.805309
0.807443
0.809583
0.811728
0.813874
0.81602
0.818163
0.820301
0.822433
0.824557
0.826669
0.828769
0.830853
0.832922
0.834971
0.837
0.839008
0.840993
0.842952
0.844883
0.846784
0.848654
0.850491
0.852294
0.854061
0.855791
0.857483
0.859135
0.860745
0.862311
0.863831
0.865303
0.866728
0.868104
0.86943
0.870706
0.871929
0.8731
0.874215
0.875276
0.876282
0.87723
0.878121
0.878955
0.879729
0.880444
0.881098
0.88169
0.882221
0.88269
0.883096
0.883438
0.883716
0.88393
0.884081
0.884169
0.884194
0.884155
0.884053
0.883886
0.883656
0.883362
0.883004
0.882584
0.882102
0.881557
0.880951
0.880284
0.879556
0.87877
0.877925
0.877021
0.87606
0.875042
0.873969
0.872841
0.871661
0.870428
0.869145
0.867813
0.866432
0.865006
0.863535
0.86202
0.860463
0.858867
0.857233
0.855563
0.853859
0.852122
0.850356
0.848561
0.84674
0.844895
0.843028
0.841142
0.839238
0.83732
0.83539
0.833449
0.831499
0.829544
0.827583
0.825621
0.823658
0.821698
0.819741
0.81779
0.815846
0.813912
0.81199
0.810081
0.808186
0.806308
0.804448
0.802608
0.800788
0.798989
0.797215
0.795466
0.793741
0.792043
0.790371
0.788726
0.787109
0.78552
0.78396
0.782429
0.780928
0.779457
0.778017
0.776607
0.775228
0.773878
0.77256
0.771273
0.770017
0.768793
0.767601
0.766441
0.765314
0.764218
0.763153
0.76212
0.761119
0.76015
0.759213
0.758308
0.757436
0.756597
0.755792
0.755021
0.754285
0.753584
0.752919
0.75229
0.751698
0.751143
0.750626
0.750147
0.749705
0.749302
0.748938
0.748612
0.748327
0.748081
0.747874
0.747708
0.747581
0.747494
0.747446
0.747439
0.747471
0.747541
0.74765
0.747796
0.74798
0.748201
0.748459
0.748753
0.749084
0.74945
0.749851
0.750287
0.750755
0.751254
0.751784
0.752343
0.752932
0.753547
0.754188
0.754855
0.755546
0.75626
0.756998
0.757758
0.758538
0.759337
0.760155
0.76099
0.76184
0.762704
0.763581
0.764471
0.765372
0.766283
0.767204
0.768135
0.769073
0.770018
0.770969
0.771925
0.772886
0.773851
0.774819
0.775789
0.776762
0.777735
0.778708
0.779681
0.780653
0.781623
0.782591
0.783557
0.784521
0.785481
0.786437
0.787389
0.788337
0.789279
0.790215
0.791145
0.792069
0.792985
0.793892
0.794792
0.795683
0.796567
0.797442
0.798309
0.799166
0.800012
0.800847
0.801671
0.802484
0.803285
0.804072
0.804844
0.805604
0.806349
0.80708
0.807795
0.808495
0.809178
0.809843
0.81049
0.811119
0.81173
0.812321
0.812894
0.813447
0.81398
0.814493
0.814984
0.815454
0.815901
0.816325
0.816727
0.817104
0.817457
0.817786
0.818092
0.818375
0.818634
0.81887
0.81908
0.819265
0.819425
0.81956
0.819669
0.819754
0.819814
0.819849
0.819861
0.819848
0.819811
0.819751
0.819668
0.819562
0.819433
0.819282
0.819108
0.818912
0.818694
0.818454
0.818193
0.817911
0.817609
0.817289
0.816948
0.816588
0.816209
0.815813
0.815401
0.814972
0.814527
0.814065
0.813586
0.813093
0.812587
0.812067
0.811532
0.810983
0.810421
0.809846
0.809259
0.808659
0.808049
0.807427
0.806795
0.806153
0.8055
0.804838
0.804167
0.803487
0.8028
0.802106
0.801404
0.800696
0.799981
0.799261
0.798535
0.797803
0.797067
0.796326
0.795581
0.794832
0.794077
0.793319
0.792557
0.79179
0.79102
0.790247
0.789471
0.788693
0.787912
0.787129
0.786344
0.785556
0.784768
0.783977
0.783186
0.782394
0.781602
0.780809
0.780016
0.779223
0.778429
0.777635
0.776841
0.776048
0.775254
0.77446
0.773668
0.772877
0.772088
0.771301
0.770516
0.769733
0.768952
0.768174
0.7674
0.766628
0.76586
0.765096
0.764337
0.763582
0.762833
0.76209
0.761353
0.760623
0.759901
0.759187
0.758481
0.757783
0.757096
0.75642
0.755755
0.755101
0.754459
0.753831
0.753216
0.752616
0.75203
0.751461
0.75091
0.750377
0.749862
0.749367
0.748893
0.748439
0.748009
0.747603
0.747221
0.746867
0.746539
0.746237
0.745963
0.745717
0.7455
0.745313
0.745157
0.745034
0.744944
0.744886
0.744861
0.74487
0.744913
0.744991
0.745104
0.745252
0.745436
0.745656
0.745912
0.746202
0.746528
0.746888
0.747283
0.747712
0.748176
0.748673
0.749205
0.749771
0.750371
0.751004
0.751668
0.752363
0.753089
0.753846
0.754633
0.755449
0.756292
0.757163
0.75806
0.758982
0.759929
0.760899
0.761892
0.762907
0.763944
0.765002
0.766079
0.767176
0.76829
0.769421
0.770569
0.771732
0.77291
0.774103
0.775309
0.776526
0.777754
0.778993
0.780241
0.781497
0.782761
0.784031
0.785308
0.786588
0.787873
0.789162
0.790453
0.791747
0.793043
0.79434
0.795638
0.796937
0.798235
0.799532
0.800826
0.802117
0.803406
0.804691
0.805972
0.807248
0.808521
0.809788
0.81105
0.812307
0.813558
0.814803
0.816042
0.817275
0.818501
0.81972
0.820932
0.822136
0.823333
0.824522
0.825702
0.826875
0.82804
0.829196
0.830344
0.831483
0.832613
0.833733
0.834845
0.835948
0.837042
0.838127
0.839202
0.840269
0.841326
0.842374
0.843411
0.84444
0.845458
0.846466
0.847464
0.84845
0.849425
0.850388
0.85134
0.85228
0.853205
0.854115
0.85501
0.855889
0.856752
0.8576
0.858431
0.859243
0.860037
0.860811
0.861562
0.86229
0.862995
0.863675
0.864329
0.864956
0.865556
0.866128
0.866669
0.867179
0.867658
0.868102
0.868513
0.868887
0.869225
0.869524
0.869785
0.870005
0.870183
0.87032
0.870413
0.870462
0.870466
0.870422
0.870332
0.870195
0.870009
0.869774
0.869489
0.869153
0.868767
0.868329
0.867838
0.867296
0.866701
0.866053
0.865351
0.864595
0.863785
0.862921
0.862003
0.861032
0.860008
0.85893
0.857801
0.856619
0.855386
0.854101
0.852766
0.851381
0.849948
0.848467
0.84694
0.845367
0.84375
0.842092
0.840391
0.838651
0.836873
0.835058
0.833207
0.831324
0.829407
0.827461
0.825486
0.823486
0.821462
0.819418
0.817355
0.815276
0.813183
0.81108
0.808969
0.806853
0.804735
0.802618
0.800507
0.798405
0.796314
0.794237
0.792177
0.790138
0.788125
0.78614
0.784187
0.78227
0.78039
0.778553
0.776762
0.77502
0.773331
0.7717
0.770129
0.768623
0.767186
0.76582
0.764531
0.763322
0.762197
0.761158
0.760208
0.759352
0.758591
0.757929
0.757369
0.756912
0.756562
0.756321
0.756191
0.756171
0.756264
0.756471
0.756793
0.75723
0.757782
0.75845
0.759233
0.76013
0.761141
0.762264
0.763497
0.764836
0.76628
0.767826
0.769471
0.771214
0.77305
0.774974
0.776981
0.779069
0.781232
0.783465
0.785765
0.788125
0.790541
0.793008
0.79552
0.798071
0.800656
0.803271
0.805909
0.808565
0.811233
0.813908
0.816584
0.819255
0.821918
0.824566
0.827195
0.829801
0.832377
0.83492
0.837424
0.839884
0.842296
0.844655
0.846958
0.849201
0.851379
0.853491
0.855531
0.857498
0.859388
0.861199
0.862929
0.864574
0.866134
0.867604
0.868985
0.870274
0.871471
0.872574
0.873581
0.874494
0.875311
0.876032
0.876656
0.877182
0.877609
0.87794
0.878176
0.878316
0.87836
0.878308
0.878163
0.877923
0.877592
0.87717
0.876658
0.876058
0.875371
0.8746
0.873746
0.872812
0.871799
0.87071
0.869546
0.868312
0.867008
0.865637
0.864202
0.862705
0.86115
0.859538
0.857872
0.856154
0.854388
0.852575
0.85072
0.848826
0.846894
0.844928
0.842931
0.840905
0.838854
0.836781
0.834688
0.832578
0.830452
0.828315
0.826168
0.824015
0.821858
0.819699
0.817541
0.815388
0.813241
0.811103
0.808976
0.806863
0.804765
0.802684
0.800623
0.798585
0.796572
0.794585
0.792628
0.790702
0.788809
0.786949
0.785126
0.78334
0.781593
0.779887
0.778225
0.776608
0.775038
0.773514
0.77204
0.770617
0.769246
0.767928
0.766666
0.765459
0.76431
0.763219
0.762188
0.761218
0.76031
0.759464
0.758681
0.757963
0.757311
0.756724
0.756204
0.755751
0.755365
0.755047
0.754797
0.754616
0.754503
0.754458
0.754478
0.754564
0.754715
0.754931
0.75521
0.755552
0.755953
0.756413
0.756928
0.757498
0.758119
0.758791
0.759509
0.760273
0.761078
0.761923
0.762803
0.763716
0.764659
0.765628
0.76662
0.767631
0.768658
0.769698
0.770747
0.771801
0.772859
0.773917
0.774971
0.776018
0.777055
0.778078
0.779085
0.780073
0.781041
0.781984
0.782902
0.783791
0.78465
0.785478
0.786271
0.787029
0.787749
0.788431
0.789074
0.789678
0.79024
0.79076
0.791239
0.791677
0.792073
0.792427
0.79274
0.793014
0.793248
0.793444
0.793603
0.793725
0.793814
0.793868
0.793892
0.793886
0.793854
0.793796
0.793714
0.79361
0.793486
0.793345
0.793188
0.793018
0.792838
0.792649
0.792454
0.792254
0.792052
0.791849
0.791649
0.791454
0.791265
0.791085
0.790916
0.790758
0.790615
0.790486
0.790375
0.790282
0.79021
0.790159
0.79013
0.790125
0.790145
0.790191
0.790264
0.790363
0.79049
0.790644
0.790826
0.791036
0.791274
0.79154
0.791835
0.792157
0.792507
0.792884
0.793289
0.79372
0.794175
0.794653
0.795155
0.795679
0.796224
0.79679
0.797375
0.797976
0.798593
0.799224
0.799868
0.800523
0.801188
0.801861
0.802541
0.803226
0.803914
0.804605
0.805296
0.805986
0.806674
0.807357
0.808035
0.808706
0.80937
0.810024
0.810668
0.811299
0.811916
0.81252
0.813109
0.813681
0.814237
0.814775
0.815296
0.815796
0.816275
0.816732
0.817166
0.817578
0.817966
0.818328
0.818666
0.818978
0.819264
0.819523
0.819757
0.819966
0.820149
0.820307
0.820437
0.82054
0.820616
0.820664
0.820686
0.82068
0.820648
0.82059
0.820506
0.820396
0.820261
0.820101
0.819916
0.819707
0.819473
0.819216
0.818935
0.818632
0.818307
0.817961
0.817593
0.817204
0.816794
0.816364
0.815915
0.815445
0.814957
0.81445
0.813926
0.813386
0.812829
0.812256
0.811669
0.811067
0.810451
0.809821
0.809178
0.808523
0.807857
0.80718
0.806492
0.805795
0.805089
0.804375
0.803654
0.802926
0.802193
0.801455
0.800711
0.799963
0.799212
0.798458
0.797701
0.796943
0.796183
0.795424
0.794664
0.793906
0.79315
0.792396
0.791646
0.790899
0.790154
0.789413
0.788677
0.787946
0.787222
0.786504
0.785792
0.785087
0.784388
0.783697
0.783015
0.782341
0.781676
0.781018
0.78037
0.779731
0.7791
0.778479
0.777868
0.777267
0.776676
0.776096
0.775526
0.774967
0.774419
0.773882
0.773357
0.772844
0.772342
0.771853
0.771377
0.770916
0.770468
0.770033
0.769613
0.769208
0.768817
0.76844
0.768078
0.767731
0.7674
0.767086
0.76679
0.766511
0.766251
0.766008
0.765785
0.765581
0.765399
0.765237
0.765098
0.76498
0.764886
0.764815
0.76477
0.764749
0.764755
0.764789
0.76485
0.76494
0.76506
0.765208
0.765387
0.765599
0.765843
0.76612
0.766429
0.766771
0.767146
0.767554
0.767995
0.768469
0.768977
0.769519
0.770094
0.770701
0.771341
0.772013
0.772716
0.773449
0.774212
0.775004
0.775825
0.776675
0.777552
0.778454
0.779379
0.780328
0.781297
0.782287
0.783296
0.784322
0.785364
0.786421
0.78749
0.78857
0.789659
0.790757
0.791862
0.792972
0.794085
0.7952
0.796314
0.797426
0.798534
0.799636
0.80073
0.801815
0.802889
0.803952
0.805002
0.806038
0.807058
0.80806
0.809044
0.810007
0.810949
0.811869
0.812766
0.813638
0.814486
0.815309
0.816106
0.816877
0.817621
0.818338
0.819028
0.819692
0.820328
0.820937
0.821518
0.822072
0.822598
0.823096
0.823567
0.824012
0.824431
0.824825
0.825194
0.82554
0.825863
0.826165
0.826445
0.826705
0.826946
0.827168
0.827372
0.82756
0.827733
0.827891
0.828036
0.828169
0.828292
0.828406
0.828511
0.828609
0.828701
0.828788
0.828871
0.82895
0.829025
0.829098
0.829169
0.82924
0.829312
0.829384
0.829457
0.829534
0.829613
0.829695
0.82978
0.829869
0.829961
0.830056
0.830154
0.830256
0.830361
0.83047
0.830583
0.8307
0.830821
0.830943
0.831068
0.831194
0.831321
0.83145
0.83158
0.831709
0.831837
0.831964
0.83209
0.832213
0.832332
0.832445
0.832554
0.832656
0.832752
0.832841
0.832921
0.832993
0.833056
0.833109
0.833152
0.833188
0.833214
0.83323
0.833236
0.833233
0.833219
0.833193
0.833155
0.833108
0.833051
0.832985
0.832909
0.832823
0.832728
0.832623
0.832509
0.832388
0.832259
0.832124
0.831982
0.831836
0.831687
0.831534
0.83138
0.831224
0.831068
0.830915
0.830765
0.830618
0.830477
0.83034
0.83021
0.830088
0.829975
0.829873
0.829782
0.829704
0.82964
0.82959
0.829554
0.829533
0.829528
0.829539
0.829567
0.829613
0.829677
0.82976
0.829861
0.829982
0.83012
0.830278
0.830453
0.830646
0.830857
0.831085
0.83133
0.83159
0.831866
0.832157
0.832463
0.83278
0.833108
0.833446
0.833792
0.834145
0.834504
0.834868
0.835234
0.8356
0.835968
0.836333
0.836696
0.837055
0.837409
0.837755
0.838091
0.838417
0.83873
0.83903
0.839314
0.839585
0.839839
0.840074
0.840289
0.840483
0.840654
0.840802
0.840926
0.841025
0.841097
0.841143
0.841161
0.841151
0.841113
0.841045
0.840949
0.840824
0.84067
0.840486
0.840273
0.840031
0.839761
0.839462
0.839135
0.838781
0.838401
0.837995
0.837564
0.83711
0.836632
0.836132
0.835611
0.83507
0.834511
0.833934
0.83334
0.83273
0.832106
0.83147
0.830823
0.830165
0.829498
0.828823
0.828143
0.827459
0.826771
0.826079
0.825386
0.824693
0.824001
0.823312
0.822627
0.821946
0.821272
0.820606
0.819947
0.819298
0.818659
0.818031
0.817416
0.816814
0.816225
0.815648
0.815086
0.814538
0.814005
0.813486
0.812983
0.812494
0.81202
0.811559
0.811113
0.81068
0.810259
0.809851
0.809455
0.80907
0.808695
0.808331
0.807975
0.807627
0.807285
0.806949
0.806618
0.806289
0.805963
0.805638
0.805314
0.80499
0.804663
0.804331
0.803996
0.803654
0.803306
0.80295
0.802584
0.802208
0.80182
0.80142
0.801006
0.800577
0.800132
0.79967
0.799191
0.798696
0.798182
0.79765
0.797099
0.796528
0.795938
0.79533
0.794702
0.794055
0.793389
0.792705
0.792003
0.791283
0.790544
0.789788
0.789016
0.788228
0.787425
0.786606
0.785774
0.784929
0.784074
0.783208
0.782333
0.78145
0.780561
0.779666
0.778767
0.777865
0.776962
0.77606
0.775158
0.77426
0.773365
0.772477
0.771598
0.770729
0.769871
0.769025
0.768191
0.767371
0.766567
0.76578
0.765011
0.764261
0.763532
0.762824
0.762137
0.761473
0.760832
0.760215
0.759624
0.759057
0.758517
0.758003
0.757517
0.75706
0.756632
0.756232
0.75586
0.755519
0.755209
0.75493
0.75468
0.754461
0.754274
0.754117
0.753992
0.753898
0.753835
0.753804
0.753803
0.753833
0.753895
0.753987
0.75411
0.754264
0.754448
0.754663
0.754907
0.755181
0.755485
0.755818
0.75618
0.756571
0.75699
0.757435
0.757907
0.758405
0.758929
0.759477
0.76005
0.760646
0.761265
0.761906
0.762567
0.763246
0.763944
0.764659
0.765391
0.766138
0.766901
0.767677
0.768465
0.769263
0.770071
0.770887
0.771711
0.772542
0.773377
0.774216
0.775057
0.7759
0.776745
0.777588
0.77843
0.779269
0.780107
0.78094
0.781768
0.782591
0.783407
0.784217
0.78502
0.785816
0.786605
0.787387
0.78816
0.788924
0.789678
0.790422
0.791155
0.791878
0.792592
0.793295
0.793988
0.794671
0.795344
0.796007
0.796661
0.797307
0.797942
0.798569
0.799188
0.7998
0.800404
0.801001
0.801591
0.802174
0.802751
0.803322
0.803887
0.804446
0.805002
0.805555
0.806105
0.806654
0.807201
0.807747
0.808293
0.80884
0.809387
0.809936
0.810486
0.811037
0.81159
0.812146
0.812705
0.813269
0.813837
0.814409
0.814986
0.815569
0.816158
0.816754
0.817356
0.817967
0.818586
0.819212
0.819846
0.820486
0.821134
0.821788
0.822451
0.823121
0.8238
0.824487
0.825181
0.825881
0.826587
0.827299
0.828015
0.828737
0.829463
0.830193
0.830927
0.831663
0.8324
0.833138
0.833875
0.83461
0.835343
0.836072
0.836796
0.837513
0.838222
0.83892
0.839608
0.840283
0.840944
0.841591
0.842221
0.842834
0.843428
0.844001
0.84455
0.845075
0.845575
0.846047
0.84649
0.846902
0.847281
0.847626
0.847937
0.848212
0.848449
0.848648
0.848808
0.848928
0.849006
0.849042
0.849034
0.848981
0.848881
0.848733
0.848536
0.84829
0.847994
0.847648
0.84725
0.846801
0.846301
0.845748
0.845141
0.844481
0.843768
0.843001
0.842181
0.841308
0.840382
0.839403
0.838373
0.83729
0.836155
0.83497
0.833734
0.832449
0.831117
0.829736
0.82831
0.826838
0.825324
0.823767
0.82217
0.820535
0.818861
0.817151
0.815408
0.813633
0.811827
0.809994
0.808136
0.806255
0.804354
0.802434
0.800498
0.79855
0.796591
0.794625
0.792654
0.790682
0.78871
0.786743
0.784784
0.782835
0.780898
0.778976
0.777072
0.775189
0.77333
0.771497
0.769694
0.767924
0.766188
0.764488
0.762826
0.761204
0.759623
0.758086
0.756595
0.755151
0.753754
0.752407
0.751111
0.749867
0.748675
0.747535
0.746448
0.745415
0.744435
0.743507
0.742632
0.741809
0.741038
0.740318
0.739649
0.73903
0.73846
0.737938
0.737463
0.737036
0.736654
0.736316
0.736021
0.735767
0.735555
0.735382
0.735249
0.735153
0.735094
0.735069
0.73508
0.735123
0.735199
0.735306
0.735443
0.73561
0.735806
0.736029
0.73628
0.736557
0.736859
