2
1.99998
1.99993
1.99983
1.99971
1.99954
1.99934
1.9991
1.99882
1.99851
1.99816
1.99777
1.99735
1.99688
1.99638
1.99584
1.99526
1.99464
1.99398
1.99328
1.99253
1.99175
1.99092
1.99005
1.98913
1.98817
1.98717
1.98612
1.98502
1.98387
1.98267
1.98143
1.98013
1.97878
1.97738
1.97593
1.97442
1.97285
1.97123
1.96955
1.96781
1.966
1.96414
1.96221
1.96022
1.95816
1.95604
1.95384
1.95158
1.94924
1.94683
1.94434
1.94178
1.93913
1.93641
1.9336
1.93071
1.92773
1.92466
1.92151
1.91826
1.91492
1.91149
1.90796
1.90432
1.90059
1.89675
1.89281
1.88876
1.8846
1.88033
1.87595
1.87145
1.86684
1.86211
1.85726
1.85228
1.84719
1.84196
1.83661
1.83114
1.82553
1.81979
1.81391
1.80791
1.80177
1.79549
1.78907
1.78252
1.77583
1.769
1.76203
1.75493
1.74768
1.74029
1.73277
1.7251
1.7173
1.70936
1.70129
1.69308
1.68474
1.67628
1.66768
1.65896
1.65011
1.64115
1.63206
1.62287
1.61357
1.60416
1.59465
1.58504
1.57534
1.56555
1.55568
1.54574
1.53572
1.52564
1.5155
1.50531
1.49507
1.4848
1.47449
1.46416
1.45381
1.44345
1.43309
1.42273
1.41239
1.40207
1.39178
1.38152
1.3713
1.36114
1.35103
1.34099
1.33102
1.32113
1.31133
1.30162
1.29201
1.28251
1.27312
1.26384
1.2547
1.24568
1.2368
1.22807
1.21948
1.21104
1.20275
1.19463
1.18667
1.17887
1.17125
1.1638
1.15653
1.14944
1.14253
1.1358
1.12926
1.12291
1.11674
1.11077
1.10498
1.09939
1.09398
1.08877
1.08375
1.07891
1.07427
1.06982
1.06555
1.06147
1.05758
1.05386
1.05033
1.04697
1.0438
1.04079
1.03796
1.03529
1.0328
1.03046
1.02829
1.02627
1.0244
1.02269
1.02112
1.0197
1.01841
1.01726
1.01624
1.01535
1.01458
1.01394
1.01341
1.013
1.01269
1.01249
1.01239
1.01239
1.01249
1.01267
1.01294
1.01329
1.01372
1.01422
1.0148
1.01544
1.01614
1.01691
1.01773
1.01861
1.01953
1.0205
1.02151
1.02256
1.02364
1.02476
1.0259
1.02706
1.02825
1.02946
1.03068
1.03192
1.03316
1.03442
1.03567
1.03693
1.03819
1.03945
1.0407
1.04195
1.04318
1.04441
1.04563
1.04684
1.04803
1.04921
1.05037
1.05152
1.05265
1.05377
1.05487
1.05595
1.05702
1.05807
1.05911
1.06013
1.06114
1.06214
1.06312
1.0641
1.06507
1.06604
1.067
1.06795
1.06891
1.06986
1.07082
1.07179
1.07276
1.07374
1.07474
1.07574
1.07676
1.07779
1.07884
1.07991
1.081
1.08211
1.08324
1.08439
1.08557
1.08677
1.088
1.08924
1.09052
1.09181
1.09313
1.09447
1.09583
1.09721
1.09861
1.10003
1.10147
1.10292
1.10438
1.10586
1.10734
1.10883
1.11033
1.11183
1.11333
1.11483
1.11633
1.11782
1.1193
1.12078
1.12224
1.12369
1.12512
1.12653
1.12793
1.1293
1.13065
1.13197
1.13327
1.13454
1.13578
1.13698
1.13816
1.1393
1.14041
1.14149
1.14253
1.14353
1.1445
1.14543
1.14632
1.14717
1.14798
1.14875
1.14948
1.15018
1.15083
1.15144
1.15201
1.15254
1.15304
1.15349
1.1539
1.15427
1.1546
1.15488
1.15513
1.15534
1.15551
1.15564
1.15573
1.15578
1.15578
1.15575
1.15567
1.15556
1.1554
1.15521
1.15497
1.15469
1.15437
1.15401
1.15361
1.15317
1.15268
1.15215
1.15158
1.15096
1.1503
1.1496
1.14885
1.14806
1.14722
1.14634
1.14541
1.14444
1.14343
1.14237
1.14127
1.14012
1.13893
1.13769
1.13641
1.13509
1.13373
1.13232
1.13087
1.12938
1.12786
1.12629
1.12469
1.12305
1.12138
1.11967
1.11793
1.11616
1.11437
1.11255
1.1107
1.10883
1.10694
1.10504
1.10312
1.10119
1.09924
1.09729
1.09534
1.09338
1.09143
1.08947
1.08753
1.08559
1.08367
1.08176
1.07988
1.07801
1.07617
1.07436
1.07258
1.07083
1.06911
1.06744
1.06581
1.06422
1.06267
1.06118
1.05974
1.05835
1.05702
1.05574
1.05453
1.05337
1.05228
1.05125
1.05029
1.04939
1.04857
1.04781
1.04712
1.04649
1.04594
1.04546
1.04505
1.04472
1.04445
1.04425
1.04413
1.04407
1.04408
1.04416
1.04431
1.04453
1.04481
1.04516
1.04557
1.04605
1.04659
1.04718
1.04784
1.04856
1.04933
1.05015
1.05104
1.05197
1.05296
1.05399
1.05507
1.0562
1.05738
1.0586
1.05986
1.06116
1.0625
1.06388
1.06529
1.06674
1.06823
1.06974
1.07128
1.07285
1.07445
1.07608
1.07773
1.0794
1.0811
1.08281
1.08454
1.08629
1.08806
1.08984
1.09163
1.09344
1.09525
1.09708
1.09891
1.10074
1.10258
1.10443
1.10627
1.10811
1.10995
1.11179
1.11361
1.11544
1.11725
1.11905
1.12083
1.1226
1.12436
1.12609
1.1278
1.12949
1.13115
1.13278
1.13439
1.13596
1.1375
1.139
1.14046
1.14188
1.14327
1.1446
1.14589
1.14713
1.14832
1.14946
1.15055
1.15158
1.15255
1.15347
1.15432
1.15512
1.15585
1.15652
1.15712
1.15766
1.15813
1.15854
1.15888
1.15915
1.15935
1.15948
1.15954
1.15953
1.15946
1.15931
1.15909
1.1588
1.15844
1.15802
1.15752
1.15695
1.15632
1.15562
1.15485
1.15402
1.15312
1.15216
1.15113
1.15004
1.14889
1.14769
1.14642
1.1451
1.14372
1.14229
1.14081
1.13927
1.13769
1.13607
1.1344
1.13269
1.13094
1.12916
1.12735
1.1255
1.12363
1.12173
1.11982
1.11788
1.11593
1.11397
1.11201
1.11004
1.10807
1.10611
1.10416
1.10222
1.10029
1.09839
1.09651
1.09467
1.09286
1.09108
1.08935
1.08767
1.08604
1.08447
1.08296
1.08151
1.08013
1.07882
1.0776
1.07645
1.0754
1.07443
1.07355
1.07277
1.0721
1.07152
1.07106
1.0707
1.07045
1.07031
1.07029
1.07038
1.07059
1.07092
1.07136
1.07192
1.07259
1.07337
1.07427
1.07527
1.07638
1.0776
1.07891
1.08032
1.08182
1.08341
1.08509
1.08684
1.08866
1.09056
1.09251
1.09453
1.09659
1.09871
1.10086
1.10306
1.10529
1.10754
1.10982
1.11212
1.11444
1.11676
1.11909
1.12143
1.12377
1.1261
1.12843
1.13075
1.13305
1.13535
1.13763
1.13989
1.14213
1.14435
1.14654
1.14871
1.15086
1.15297
1.15505
1.1571
1.15912
1.16111
1.16305
1.16496
1.16683
1.16866
1.17044
1.17218
1.17387
1.17551
1.1771
1.17864
1.18012
1.18154
1.18291
1.18421
1.18545
1.18663
1.18773
1.18877
1.18974
1.19063
1.19145
1.19219
1.19285
1.19343
1.19393
1.19434
1.19467
1.19491
1.19506
1.19513
1.1951
1.19499
1.19478
1.19449
1.1941
1.19362
1.19305
1.19239
1.19164
1.1908
1.18988
1.18886
1.18776
1.18658
1.18531
1.18396
1.18253
1.18103
1.17945
1.17779
1.17607
1.17428
1.17242
1.1705
1.16852
1.16649
1.1644
1.16225
1.16006
1.15783
1.15555
1.15324
1.15088
1.1485
1.14608
1.14363
1.14116
1.13867
1.13615
1.13362
1.13106
1.1285
1.12592
1.12332
1.12072
1.11812
1.1155
1.11288
1.11026
1.10764
1.10502
1.1024
1.09978
1.09717
1.09456
1.09196
1.08936
1.08678
1.08421
1.08165
1.07911
1.07658
1.07406
1.07157
1.0691
1.06665
1.06422
1.06182
1.05944
1.0571
1.05478
1.0525
1.05026
1.04805
1.04589
1.04376
1.04168
1.03965
1.03766
1.03573
1.03384
1.03201
1.03024
1.02853
1.02687
1.02528
1.02375
1.02228
1.02088
1.01954
1.01828
1.01708
1.01595
1.01489
1.0139
1.01298
1.01214
1.01136
1.01066
1.01002
1.00946
1.00896
1.00853
1.00818
1.00789
1.00766
1.0075
1.0074
1.00736
1.00738
1.00746
1.0076
1.00779
1.00803
1.00833
1.00867
1.00906
1.00949
1.00996
1.01047
1.01103
1.01161
1.01223
1.01288
1.01357
1.01427
1.01501
1.01577
1.01655
1.01735
1.01816
1.019
1.01985
1.02071
1.02159
1.02248
1.02338
1.02429
1.02521
1.02613
1.02706
1.028
1.02895
1.02989
1.03085
1.0318
1.03276
1.03372
1.03469
1.03566
1.03663
1.0376
1.03857
1.03955
1.04052
1.0415
1.04248
1.04346
1.04445
1.04543
1.04641
1.0474
1.04838
1.04937
1.05036
1.05135
1.05234
1.05333
1.05432
1.05531
1.0563
1.05729
1.05828
1.05927
1.06026
1.06125
1.06224
1.06322
1.0642
1.06518
1.06616
1.06713
1.0681
1.06907
1.07003
1.07098
1.07192
1.07286
1.07379
1.07471
1.07563
1.07653
1.07742
1.0783
1.07917
1.08002
1.08086
1.08169
1.0825
1.08329
1.08406
1.08482
1.08556
1.08628
1.08697
1.08765
1.0883
1.08893
1.08954
1.09012
1.09067
1.0912
1.0917
1.09218
1.09262
1.09303
1.09342
1.09377
1.09409
1.09438
1.09463
1.09485
1.09504
1.09519
1.0953
1.09538
1.09542
1.09542
1.09539
1.09532
1.09521
1.09506
1.09487
1.09464
1.09438
1.09407
1.09372
1.09334
1.09291
1.09245
1.09195
1.0914
1.09082
1.09021
1.08955
1.08886
1.08813
1.08737
1.08657
1.08574
1.08487
1.08398
1.08305
1.08209
1.08111
1.08009
1.07905
1.07799
1.0769
1.07579
1.07466
1.07351
1.07234
1.07116
1.06996
1.06875
1.06754
1.06631
1.06507
1.06384
1.06259
1.06135
1.06011
1.05887
1.05764
1.05641
1.05519
1.05398
1.05279
1.0516
1.05044
1.04929
1.04816
1.04705
1.04597
1.04491
1.04388
1.04287
1.0419
1.04096
1.04005
1.03918
1.03834
1.03754
1.03678
1.03605
1.03537
1.03473
1.03413
1.03358
1.03307
1.0326
1.03217
1.03179
1.03145
1.03115
1.0309
1.03069
1.03052
1.0304
1.03031
1.03027
1.03027
1.0303
1.03037
1.03048
1.03062
1.0308
1.03101
1.03125
1.03152
1.03182
1.03215
1.0325
1.03288
1.03328
1.03371
1.03415
1.03462
1.03511
1.03561
1.03614
1.03667
1.03723
1.0378
1.03838
1.03898
1.03959
1.04021
1.04084
1.04149
1.04214
1.04281
1.04348
1.04416
1.04485
1.04555
1.04626
1.04698
1.0477
1.04843
1.04917
1.04991
1.05067
1.05143
1.0522
1.05297
1.05375
1.05454
1.05534
1.05615
1.05696
1.05778
1.05861
1.05945
1.06029
1.06115
1.06202
1.06289
1.06378
1.06467
1.06558
1.0665
1.06743
1.06838
1.06934
1.07031
1.0713
1.0723
1.07332
1.07436
1.07541
1.07648
1.07757
1.07867
1.0798
1.08095
1.08211
1.0833
1.08451
1.08574
1.087
1.08827
1.08957
1.09089
1.09223
1.09359
1.09497
1.09638
1.0978
1.09925
1.10071
1.1022
1.1037
1.10522
1.10675
1.1083
1.10986
1.11143
1.11302
1.11461
1.11621
1.11782
1.11943
1.12104
1.12265
1.12426
1.12587
1.12747
1.12907
1.13065
1.13222
1.13379
1.13533
1.13686
1.13837
1.13986
1.14132
1.14276
1.14418
1.14556
1.14692
1.14824
1.14953
1.15078
1.152
1.15318
1.15432
1.15542
1.15647
1.15748
1.15845
1.15938
1.16025
1.16108
1.16186
1.16259
1.16327
1.1639
1.16448
1.16501
1.16549
1.16592
1.16629
1.16662
1.16689
1.16711
1.16728
1.1674
1.16746
1.16748
1.16745
1.16736
1.16723
1.16705
1.16682
1.16655
1.16623
1.16586
1.16545
1.165
1.16451
1.16397
1.1634
1.16279
1.16215
1.16147
1.16076
1.16002
1.15925
1.15846
1.15764
1.1568
1.15594
1.15506
1.15417
1.15326
1.15235
1.15142
1.15049
1.14956
1.14863
1.1477
1.14678
1.14587
1.14497
1.14409
1.14323
1.14239
1.14157
1.14079
1.14003
1.13931
1.13864
1.138
1.13741
1.13686
1.13637
1.13593
1.13554
1.13521
1.13494
1.13473
1.13458
1.1345
1.13448
1.13452
1.13463
1.13481
1.13504
1.13534
1.1357
1.13613
1.13661
1.13714
1.13773
1.13837
1.13906
1.1398
1.14057
1.14138
1.14223
1.1431
1.144
1.14492
1.14585
1.14679
1.14774
1.14869
1.14964
1.15058
1.15151
1.15241
1.1533
1.15416
1.155
1.1558
1.15656
1.15728
1.15795
1.15857
1.15915
1.15967
1.16013
1.16054
1.16088
1.16116
1.16137
1.16151
1.16159
1.16159
1.16152
1.16137
1.16115
1.16086
1.16049
1.16004
1.15951
1.1589
1.15821
1.15744
1.1566
1.15567
1.15466
1.15357
1.15241
1.15116
1.14983
1.14843
1.14695
1.14539
1.14376
1.14205
1.14027
1.13841
1.13649
1.13449
1.13243
1.1303
1.1281
1.12585
1.12353
1.12116
1.11873
1.11625
1.11372
1.11114
1.10852
1.10586
1.10316
1.10044
1.09768
1.0949
1.0921
1.08929
1.08646
1.08363
1.08079
1.07796
1.07514
1.07232
1.06953
1.06676
1.06401
1.0613
1.05863
1.056
1.05342
1.05089
1.04841
1.046
1.04366
1.04139
1.0392
1.03708
1.03505
1.03311
1.03125
1.0295
1.02783
1.02627
1.02481
1.02346
1.02221
1.02106
1.02003
1.0191
1.01828
1.01758
1.01698
1.01649
1.0161
1.01583
1.01565
1.01558
1.01561
1.01574
1.01596
1.01628
1.01668
1.01717
1.01775
1.0184
1.01913
1.01993
1.0208
1.02174
1.02273
1.02379
1.02489
1.02605
1.02725
1.02849
1.02977
1.03108
1.03243
1.0338
1.0352
1.03661
1.03805
1.0395
1.04096
1.04243
1.04391
1.04539
1.04687
1.04836
1.04984
1.05132
1.05279
1.05425
1.0557
1.05714
1.05857
1.05999
1.06139
1.06278
1.06414
1.06549
1.06682
1.06813
1.06942
1.07068
1.07193
1.07315
1.07434
1.07551
1.07666
1.07778
1.07887
1.07994
1.08098
1.08199
1.08297
1.08392
1.08484
1.08574
1.0866
1.08743
1.08823
1.08901
1.08975
1.09046
1.09113
1.09178
1.09239
1.09298
1.09353
1.09405
1.09454
1.09499
1.09542
1.09581
1.09617
1.0965
1.0968
1.09707
1.09731
1.09753
1.09771
1.09786
1.09799
1.09809
1.09816
1.09821
1.09823
1.09822
1.09819
1.09814
1.09806
1.09796
1.09784
1.0977
1.09753
1.09735
1.09715
1.09692
1.09668
1.09642
1.09614
1.09585
1.09554
1.09521
1.09487
1.09451
1.09413
1.09374
1.09334
1.09292
1.09249
1.09204
1.09157
1.0911
1.0906
1.0901
1.08958
1.08905
1.0885
1.08794
1.08737
1.08679
1.08619
1.08558
1.08496
1.08432
1.08367
1.08301
1.08234
1.08166
1.08097
1.08027
1.07955
1.07883
1.0781
1.07736
1.07661
1.07586
1.0751
1.07433
1.07356
1.07278
1.072
1.07122
1.07043
1.06965
1.06886
1.06808
1.06729
1.06651
1.06573
1.06496
1.06419
1.06343
1.06268
1.06193
1.06119
1.06046
1.05974
1.05903
1.05834
1.05766
1.05699
1.05634
1.05571
1.05509
1.0545
1.05392
1.05336
1.05283
1.05232
1.05183
1.05137
1.05094
1.05053
1.05015
1.04981
1.04949
1.04921
1.04896
1.04874
1.04857
1.04843
1.04832
1.04826
1.04824
1.04826
1.04832
1.04842
1.04857
1.04876
1.049
1.04929
1.04962
1.04999
1.05042
1.05088
1.0514
1.05196
1.05256
1.0532
1.05389
1.05462
1.05539
1.0562
1.05705
1.05793
1.05885
1.05979
1.06077
1.06177
1.0628
1.06385
1.06492
1.06601
1.06711
1.06822
1.06934
1.07047
1.0716
1.07273
1.07386
1.07498
1.07609
1.0772
1.07829
1.07936
1.08042
1.08146
1.08247
1.08346
1.08442
1.08536
1.08627
1.08714
1.08798
1.08879
1.08956
1.0903
1.09099
1.09165
1.09227
1.09284
1.09338
1.09388
1.09433
1.09474
1.09511
1.09545
1.09574
1.09599
1.0962
1.09638
1.09651
1.09661
1.09668
1.09671
1.0967
1.09666
1.0966
1.0965
1.09638
1.09623
1.09605
1.09585
1.09563
1.09539
1.09514
1.09486
1.09458
1.09428
1.09397
1.09365
1.09333
1.093
1.09267
1.09234
1.092
1.09168
1.09135
1.09103
1.09072
1.09042
1.09013
1.08985
1.08958
1.08933
1.0891
1.08888
1.08868
1.08849
1.08833
1.08819
1.08807
1.08797
1.0879
1.08784
1.08781
1.08781
1.08782
1.08786
1.08792
1.08801
1.08812
1.08825
1.0884
1.08858
1.08877
1.08899
1.08922
1.08948
1.08975
1.09004
1.09034
1.09066
1.09099
1.09133
1.09169
1.09206
1.09243
1.09281
1.0932
1.09358
1.09398
1.09437
1.09476
1.09516
1.09555
1.09593
1.09631
1.09668
1.09705
1.0974
1.09775
1.09808
1.0984
1.09871
1.099
1.09927
1.09953
1.09978
1.1
1.1002
1.10039
1.10055
1.10069
1.10082
1.10092
1.101
1.10106
1.10109
1.10111
1.1011
1.10108
1.10103
1.10097
1.10088
1.10078
1.10066
1.10052
1.10036
1.10019
1.10001
1.09981
1.0996
1.09938
1.09915
1.0989
1.09865
1.0984
1.09814
1.09787
1.0976
1.09732
1.09704
1.09677
1.09649
1.09621
1.09594
1.09567
1.0954
1.09514
1.09488
1.09463
1.09439
1.09416
1.09393
1.09372
1.09351
1.09331
1.09313
1.09295
1.09279
1.09263
1.09249
1.09237
1.09225
1.09214
1.09205
1.09197
1.0919
1.09185
1.0918
1.09177
1.09175
1.09173
1.09173
1.09174
1.09176
1.09179
1.09182
1.09187
1.09192
1.09198
1.09205
1.09212
1.0922
1.09228
1.09237
1.09246
1.09256
1.09266
1.09276
1.09287
1.09297
1.09308
1.0932
1.09331
1.09342
1.09354
1.09365
1.09377
1.09389
1.09401
1.09412
1.09425
1.09437
1.09449
1.09462
1.09475
1.09488
1.09502
1.09515
1.0953
1.09544
1.09559
1.09575
1.09591
1.09607
1.09624
1.09642
1.09661
1.0968
1.097
1.09721
1.09743
1.09765
1.09789
1.09813
1.09839
1.09865
1.09892
1.0992
1.09949
1.09979
1.1001
1.10042
1.10075
1.10109
1.10143
1.10179
1.10215
1.10251
1.10289
1.10327
1.10365
1.10404
1.10444
1.10483
1.10523
1.10563
1.10604
1.10644
1.10684
1.10725
1.10765
1.10805
1.10844
1.10883
1.10922
1.1096
1.10998
1.11035
1.11072
1.11107
1.11142
1.11176
1.11209
1.11242
1.11273
1.11303
1.11333
1.11361
1.11388
1.11415
1.1144
1.11464
1.11488
1.1151
1.11531
1.11552
1.11571
1.1159
1.11607
1.11624
1.11639
1.11654
1.11668
1.11681
1.11693
1.11705
1.11716
1.11726
1.11736
1.11745
1.11754
1.11762
1.1177
1.11778
1.11785
1.11792
1.11798
1.11805
1.11811
1.11817
1.11823
1.11829
1.11834
1.1184
1.11846
1.11852
1.11858
1.11864
1.1187
1.11877
1.11883
1.1189
1.11896
1.11903
1.11911
1.11918
1.11926
1.11934
1.11942
1.11951
1.11959
1.11968
1.11977
1.11986
1.11996
1.12005
1.12015
1.12025
1.12035
1.12045
1.12055
1.12065
1.12074
1.12084
1.12093
1.12102
1.12111
1.12119
1.12126
1.12133
1.1214
1.12145
1.1215
1.12153
1.12156
1.12157
1.12157
1.12155
1.12152
1.12147
1.12141
1.12132
1.12121
1.12108
1.12093
1.12075
1.12054
1.12031
1.12005
1.11975
1.11943
1.11907
1.11868
1.11826
1.1178
1.1173
1.11677
1.11619
1.11558
1.11493
1.11424
1.11351
1.11274
1.11192
1.11107
1.11018
1.10924
1.10827
1.10726
1.10621
1.10512
1.10399
1.10283
1.10164
1.10041
1.09916
1.09788
1.09657
1.09524
1.09389
1.09253
1.09115
1.08975
1.08835
1.08695
1.08555
1.08414
1.08275
1.08137
1.08
1.07865
1.07733
1.07603
1.07477
1.07354
1.07235
1.07121
1.07011
1.06907
1.06809
1.06716
1.0663
1.06551
1.06479
1.06414
1.06357
1.06308
1.06267
1.06235
1.06211
1.06195
1.06188
1.0619
1.06201
1.06221
1.06249
1.06286
1.06332
1.06386
1.06449
1.0652
1.06599
1.06685
1.0678
1.06881
1.0699
1.07105
1.07226
1.07354
1.07487
1.07626
1.07769
1.07918
1.0807
1.08226
1.08386
1.08549
1.08714
1.08882
1.09052
1.09223
1.09396
1.0957
1.09745
1.0992
1.10095
1.10269
1.10443
1.10617
1.10789
1.1096
1.11129
1.11296
1.11462
1.11625
1.11786
1.11944
1.121
1.12252
1.12402
1.12548
1.1269
1.1283
1.12965
1.13097
1.13225
1.13349
1.13469
1.13584
1.13696
1.13803
1.13907
1.14005
1.14099
1.14189
1.14274
1.14354
1.1443
1.14501
1.14568
1.1463
1.14686
1.14738
1.14786
1.14828
1.14865
1.14897
1.14924
1.14946
1.14963
1.14976
1.14982
1.14984
1.14981
1.14973
1.1496
1.14941
1.14918
1.14889
1.14856
1.14817
1.14774
1.14726
1.14673
1.14615
1.14553
1.14486
1.14415
1.14339
1.1426
1.14176
1.14089
1.13998
1.13903
1.13806
1.13705
1.13602
1.13497
1.1339
1.1328
1.1317
1.13058
1.12946
1.12834
1.12721
1.1261
1.12499
1.12391
1.12284
1.1218
1.12079
1.11982
1.11889
1.118
1.11717
1.1164
1.11569
1.11506
1.11449
1.11401
1.11361
1.1133
1.11308
1.11296
1.11295
1.11303
1.11322
1.11352
1.11394
1.11446
1.1151
1.11585
1.11672
1.11769
1.11878
1.11998
1.12128
1.12269
1.1242
1.12581
1.12751
1.1293
1.13117
1.13311
1.13513
1.13721
1.13935
1.14155
1.14379
1.14607
1.14838
1.15071
1.15307
1.15544
1.15781
1.16019
1.16256
1.16491
1.16725
1.16956
1.17185
1.1741
1.17631
1.17848
1.18059
1.18266
1.18467
1.18662
1.18851
1.19033
1.19209
1.19377
1.19538
1.19692
1.19838
1.19976
1.20106
1.20228
1.20342
1.20447
1.20545
1.20634
1.20715
1.20787
1.20851
1.20907
1.20954
1.20994
1.21024
1.21047
1.21062
1.21068
1.21067
1.21058
1.21041
1.21016
1.20983
1.20943
1.20896
1.20841
1.2078
1.20711
1.20635
1.20553
1.20464
1.20368
1.20266
1.20158
1.20043
1.19923
1.19797
1.19665
1.19528
1.19386
1.19239
1.19086
1.18929
1.18767
1.18601
1.18431
1.18257
1.18079
1.17897
1.17712
1.17524
1.17334
1.1714
1.16945
1.16747
1.16547
1.16346
1.16143
1.15939
1.15734
1.15529
1.15324
1.15118
1.14913
1.14708
1.14504
1.14302
1.14101
1.13901
1.13704
1.13508
1.13316
1.13126
1.12939
1.12756
1.12576
1.12401
1.12229
1.12062
1.119
1.11742
1.1159
1.11443
1.11302
1.11166
1.11036
1.10913
1.10796
1.10685
1.10581
1.10484
1.10393
1.1031
1.10234
1.10165
1.10103
1.10049
1.10002
1.09962
1.0993
1.09906
1.09889
1.0988
1.09878
1.09883
1.09896
1.09916
1.09943
1.09978
1.10019
1.10068
1.10123
1.10185
1.10253
1.10328
1.10409
1.10496
1.10589
1.10687
1.10791
1.109
1.11014
1.11133
1.11256
1.11384
1.11516
1.11651
1.1179
1.11933
1.12078
1.12226
1.12377
1.12529
1.12684
1.1284
1.12998
1.13157
1.13317
1.13478
1.13639
1.138
1.13961
1.14121
1.14281
1.1444
1.14597
1.14754
1.14908
1.15061
1.15211
1.15359
1.15505
1.15647
1.15787
1.15923
1.16056
1.16185
1.1631
1.16431
1.16548
1.1666
1.16768
1.1687
1.16968
1.17061
1.17149
1.17231
1.17308
1.17379
1.17444
1.17504
1.17557
1.17605
1.17646
1.17682
1.17711
1.17733
1.1775
1.1776
1.17763
1.1776
1.1775
1.17734
1.17711
1.17681
1.17645
1.17603
1.17553
1.17498
1.17436
1.17367
1.17293
1.17211
1.17124
1.17031
1.16931
1.16826
1.16715
1.16599
1.16477
1.16349
1.16217
1.16079
1.15937
1.1579
1.1564
1.15485
1.15326
1.15164
1.14998
1.1483
1.14659
1.14485
1.1431
1.14133
1.13954
1.13775
1.13595
1.13414
1.13234
1.13055
1.12876
1.12699
1.12523
1.1235
1.1218
1.12012
1.11848
1.11688
1.11532
1.11381
1.11235
1.11094
1.1096
1.10831
1.10709
1.10594
1.10487
1.10387
1.10295
1.10211
1.10135
1.10068
1.1001
1.09961
1.09921
1.09891
1.0987
1.09858
1.09856
1.09864
1.09881
1.09908
1.09944
1.09989
1.10044
1.10108
1.10182
1.10264
1.10354
1.10454
1.10561
1.10677
1.108
1.10931
1.11069
1.11214
1.11366
1.11524
1.11688
1.11858
1.12033
1.12213
1.12397
1.12586
1.1278
1.12977
1.13177
1.13381
1.13587
1.13796
1.14007
1.1422
1.14435
1.14651
1.14868
1.15086
1.15304
1.15523
1.15742
1.15961
1.1618
1.16398
1.16615
1.16831
1.17046
1.1726
1.17472
1.17683
1.17891
1.18098
1.18303
1.18505
1.18705
1.18902
1.19096
1.19287
1.19476
1.19661
1.19843
1.20022
1.20197
1.20368
1.20536
1.207
1.2086
1.21016
1.21168
1.21316
1.2146
1.21599
1.21734
1.21864
1.2199
1.22111
1.22228
1.2234
1.22447
1.2255
1.22648
1.22741
1.22829
1.22913
1.22992
1.23066
1.23135
1.232
1.2326
1.23315
1.23366
1.23412
1.23454
1.23491
1.23524
1.23552
1.23576
1.23596
1.23612
1.23623
1.23631
1.23635
1.23634
1.2363
1.23623
1.23611
1.23596
1.23578
1.23556
1.2353
1.23502
1.2347
1.23435
1.23397
1.23356
1.23312
1.23265
1.23216
1.23163
1.23108
1.2305
1.22989
1.22926
1.2286
1.22791
1.2272
1.22646
1.2257
1.22491
1.2241
1.22326
1.2224
1.22151
1.2206
1.21966
1.2187
1.21772
1.21672
1.21569
1.21464
1.21357
1.21247
1.21136
1.21022
1.20907
1.20789
1.2067
1.20549
1.20426
1.20301
1.20175
1.20047
1.19918
1.19787
1.19655
1.19522
1.19388
1.19253
1.19117
1.1898
1.18843
1.18705
1.18566
1.18427
1.18288
1.18149
1.1801
1.17871
1.17732
1.17593
1.17454
1.17316
1.17178
1.1704
1.16903
1.16767
1.16631
1.16496
1.16361
1.16228
1.16095
1.15963
1.15831
1.15701
1.15572
1.15443
1.15316
1.15189
1.15064
1.1494
1.14817
1.14695
1.14574
1.14454
1.14336
1.14219
1.14104
1.1399
1.13877
1.13767
1.13658
1.13551
1.13446
1.13343
1.13242
1.13144
1.13048
1.12955
1.12864
1.12777
1.12692
1.12611
1.12533
1.12458
1.12387
1.12319
1.12256
1.12196
1.1214
1.12088
1.12041
1.11998
1.11959
1.11924
1.11893
1.11867
1.11845
1.11828
1.11814
1.11805
1.11799
1.11798
1.118
1.11806
1.11816
1.11829
1.11845
1.11864
1.11885
1.1191
1.11937
1.11965
1.11996
1.12029
1.12063
1.12098
1.12135
1.12172
1.1221
1.12248
1.12287
1.12326
1.12365
1.12404
1.12442
1.12481
1.12518
1.12556
1.12592
1.12628
1.12662
1.12697
1.1273
1.12762
1.12794
1.12825
1.12856
1.12886
1.12915
1.12944
1.12973
1.13001
1.13029
1.13057
1.13085
1.13114
1.13142
1.13171
1.13201
1.13231
1.13262
1.13294
1.13327
1.13361
1.13397
1.13434
1.13472
1.13512
1.13553
1.13596
1.13641
1.13688
1.13737
1.13788
1.13841
1.13896
1.13953
1.14012
1.14073
1.14136
1.14201
1.14269
1.14338
1.14409
1.14482
1.14557
1.14633
1.14712
1.14792
1.14873
1.14956
1.1504
1.15126
1.15212
1.153
1.15388
1.15478
1.15568
1.15659
1.1575
1.15841
1.15932
1.16024
1.16116
1.16207
1.16298
1.16388
1.16478
1.16567
1.16655
1.16743
1.16829
1.16914
1.16997
1.1708
1.1716
1.17239
1.17317
1.17392
1.17466
1.17537
1.17607
1.17674
1.1774
1.17803
1.17863
1.17922
1.17977
1.18031
1.18082
1.1813
1.18176
1.18219
1.1826
1.18298
1.18333
1.18366
1.18396
1.18423
1.18448
1.1847
1.18489
1.18506
1.1852
1.18531
1.18539
1.18545
1.18548
1.18549
1.18547
1.18542
1.18535
1.18525
1.18512
1.18497
1.18479
1.18458
1.18435
1.1841
1.18382
1.18352
1.18319
1.18283
1.18246
1.18206
1.18164
1.1812
1.18074
1.18026
1.17976
1.17924
1.17871
1.17816
1.17759
1.17701
1.17642
1.17582
1.17521
1.17459
1.17396
1.17333
1.1727
1.17206
1.17142
1.17079
1.17015
1.16952
1.1689
1.16828
1.16768
1.16708
1.16649
1.16592
1.16536
1.16481
1.16427
1.16376
1.16325
1.16277
1.16229
1.16184
1.1614
1.16097
1.16056
1.16017
1.15978
1.15941
1.15905
1.1587
1.15836
1.15802
1.15769
1.15736
1.15703
1.15671
1.15638
1.15604
1.1557
1.15535
1.15499
1.15462
1.15423
1.15383
1.1534
1.15296
1.15249
1.152
1.15149
1.15094
1.15037
1.14976
1.14913
1.14847
1.14777
1.14704
1.14627
1.14548
1.14464
1.14378
1.14288
1.14195
1.14098
1.13999
1.13896
1.13791
1.13683
1.13571
1.13458
1.13341
1.13223
1.13102
1.1298
1.12856
1.1273
1.12603
1.12474
1.12345
1.12215
1.12084
1.11954
1.11823
1.11692
1.11561
1.11431
1.11302
1.11173
1.11046
1.1092
1.10795
1.10673
1.10552
1.10433
1.10316
1.10202
1.1009
1.09981
1.09875
1.09771
1.0967
1.09573
1.09478
1.09387
1.09299
1.09214
1.09133
1.09055
1.0898
1.08909
1.08841
1.08776
1.08715
1.08657
1.08603
1.08551
1.08503
1.08458
1.08416
1.08376
1.0834
1.08306
1.08275
1.08247
1.08221
1.08197
1.08176
1.08156
1.08139
1.08123
1.08109
1.08097
1.08086
1.08076
1.08067
1.08059
1.08052
1.08045
1.08039
1.08034
1.08028
1.08023
1.08017
1.08011
1.08004
1.07997
1.0799
1.07981
1.07971
1.07961
1.07949
1.07936
1.07921
1.07905
1.07887
1.07867
1.07846
1.07822
1.07797
1.07769
1.07739
1.07707
1.07673
1.07636
1.07598
1.07557
1.07513
1.07467
1.07419
1.07368
1.07315
1.0726
1.07202
1.07142
1.07079
1.07014
1.06947
1.06878
1.06807
1.06734
1.06658
1.06581
1.06502
1.06421
1.06338
1.06254
1.06168
1.06081
1.05992
1.05903
1.05812
1.0572
1.05627
1.05534
1.0544
1.05346
1.05251
1.05156
1.05062
1.04967
1.04873
1.0478
1.04687
1.04595
1.04504
1.04414
1.04326
1.04239
1.04154
1.04071
1.0399
1.03911
1.03835
1.03761
1.0369
1.03622
1.03557
1.03495
1.03436
1.03381
1.0333
1.03282
1.03238
1.03198
1.03162
1.03131
1.03103
1.0308
1.03062
1.03047
1.03038
1.03032
1.03032
1.03036
1.03044
1.03057
1.03075
1.03097
1.03124
1.03155
1.03191
1.03231
1.03275
1.03323
1.03376
1.03433
1.03494
1.03559
1.03628
1.03701
1.03777
1.03858
1.03942
1.04029
1.0412
1.04214
1.04312
1.04412
1.04516
1.04623
1.04733
1.04845
1.0496
1.05078
1.05198
1.05321
1.05445
1.05571
1.057
1.05829
1.05961
1.06093
1.06226
1.0636
1.06494
1.06629
1.06763
1.06897
1.0703
1.07162
1.07293
1.07423
1.0755
1.07675
1.07798
1.07917
1.08034
1.08147
1.08256
1.08361
1.08462
1.08559
1.0865
1.08737
1.08818
1.08894
1.08964
1.09029
1.09088
1.0914
1.09187
1.09227
1.09261
1.09289
1.09311
1.09326
1.09336
1.09338
1.09335
1.09326
1.09311
1.0929
1.09263
1.09231
1.09194
1.09151
1.09103
1.09051
1.08994
1.08932
1.08866
1.08797
1.08724
1.08647
1.08568
1.08485
1.084
1.08312
1.08222
1.08131
1.08038
1.07944
1.07848
1.07753
1.07656
1.0756
1.07464
1.07368
1.07272
1.07178
1.07085
1.06994
1.06904
1.06816
1.0673
1.06647
1.06567
1.0649
1.06415
1.06344
1.06277
1.06213
1.06154
1.06098
1.06047
1.06
1.05957
1.05919
1.05886
1.05858
1.05834
1.05816
1.05802
1.05793
1.0579
1.05791
1.05797
1.05808
1.05824
1.05845
1.05871
1.05901
1.05936
1.05975
1.06019
1.06067
1.06119
1.06175
1.06235
1.06299
1.06366
1.06437
1.06512
1.0659
1.06671
1.06755
1.06843
1.06933
1.07027
1.07124
1.07223
1.07326
1.07431
1.0754
1.07651
1.07765
1.07882
1.08002
1.08125
1.08251
1.0838
1.08512
1.08647
1.08785
1.08927
1.09071
1.09218
1.09369
1.09522
1.09679
1.09839
1.10001
1.10166
1.10334
1.10504
1.10677
1.10852
1.1103
1.11209
1.11389
1.11571
1.11755
1.11939
1.12124
1.1231
1.12495
1.1268
1.12865
1.13049
1.13232
1.13414
1.13594
1.13771
1.13947
1.14119
1.14289
1.14456
1.14619
1.14778
1.14933
1.15084
1.1523
1.15372
1.15508
1.15639
1.15764
1.15884
1.15998
1.16105
1.16207
1.16302
1.1639
1.16472
1.16547
1.16614
1.16675
1.16728
1.16774
1.16813
1.16844
1.16867
1.16883
1.16892
1.16892
1.16885
1.1687
1.16848
1.16818
1.1678
1.16734
1.16681
1.1662
1.16552
1.16476
1.16393
1.16303
1.16205
1.16101
1.1599
1.15873
1.15749
1.15619
1.15483
1.15341
1.15194
1.15041
1.14884
1.14721
1.14554
1.14383
1.14208
1.1403
1.13848
1.13663
1.13476
1.13287
1.13096
1.12903
1.12709
1.12515
1.1232
1.12126
1.11931
1.11738
1.11546
1.11355
1.11166
1.10979
1.10796
1.10615
1.10437
1.10263
1.10094
1.09928
1.09767
1.09611
1.09461
1.09316
1.09176
1.09043
1.08915
1.08794
1.0868
1.08573
1.08472
1.08379
1.08292
1.08214
1.08142
1.08079
1.08022
1.07974
1.07933
1.079
1.07875
1.07857
1.07848
1.07846
1.07851
1.07865
1.07885
1.07913
1.07949
1.07992
1.08041
1.08098
1.08161
1.08231
1.08307
1.0839
1.08478
1.08573
1.08672
1.08778
1.08888
1.09003
1.09122
1.09246
1.09374
1.09505
1.0964
1.09779
1.0992
1.10064
1.1021
1.10358
1.10507
1.10659
1.10811
1.10964
1.11118
1.11271
1.11425
1.11579
1.11732
1.11884
1.12034
1.12184
1.12332
1.12478
1.12621
1.12763
1.12902
1.13038
1.13171
1.13301
1.13428
1.13551
1.13671
1.13787
1.13899
1.14007
1.14111
1.1421
1.14306
1.14397
1.14484
1.14566
1.14644
1.14717
1.14786
1.1485
1.14909
1.14964
1.15015
1.1506
1.15102
1.15139
1.15171
1.15199
1.15223
1.15242
1.15257
1.15268
1.15275
1.15279
1.15278
1.15273
1.15265
1.15253
1.15238
1.15219
1.15198
1.15173
1.15145
1.15115
1.15082
1.15047
1.15009
1.14969
1.14927
1.14884
1.14838
1.14791
1.14743
1.14694
1.14643
1.14592
1.1454
1.14488
1.14435
1.14382
1.14329
1.14276
1.14224
1.14172
1.1412
1.14069
1.14019
1.13969
1.13921
1.13874
1.13828
1.13783
1.1374
1.13698
1.13658
1.13619
1.13582
1.13546
1.13512
1.1348
1.13449
1.1342
1.13392
1.13367
1.13343
1.1332
1.13299
1.13279
1.13261
1.13245
1.13229
1.13215
1.13202
1.1319
1.13179
1.13169
1.1316
1.13152
1.13144
1.13137
1.13131
1.13125
1.13119
1.13114
1.13109
1.13103
1.13098
1.13093
1.13088
1.13082
1.13077
1.13071
1.13064
1.13058
1.13051
1.13043
1.13035
1.13027
1.13018
1.13008
1.12998
1.12987
1.12976
1.12964
1.12952
1.12939
1.12926
1.12912
1.12898
1.12884
1.1287
1.12856
1.12841
1.12827
1.12813
1.12799
1.12786
1.12773
1.1276
1.12749
1.12738
1.12729
1.12721
1.12714
1.12708
1.12705
1.12703
1.12703
1.12706
1.12711
1.12718
1.12729
1.12742
1.12758
1.12777
1.128
1.12826
1.12855
1.12888
1.12925
1.12965
1.13009
1.13057
1.13108
1.13164
1.13223
1.13285
1.13351
1.13421
1.13494
1.13571
1.1365
1.13733
1.13818
1.13906
1.13997
1.14089
1.14184
1.1428
1.14378
1.14476
1.14576
1.14676
1.14777
1.14877
1.14977
1.15077
1.15176
1.15273
1.1537
1.15464
1.15556
1.15647
1.15734
1.15819
1.159
1.15979
1.16053
1.16124
1.16191
1.16254
1.16313
1.16366
1.16415
1.16459
1.16499
1.16532
1.16561
1.16584
1.16601
1.16613
1.16619
1.16619
1.16613
1.16601
1.16583
1.16559
1.16529
1.16493
1.1645
1.16402
1.16348
1.16287
1.16221
1.16148
1.1607
1.15985
1.15895
1.158
1.15698
1.15592
1.1548
1.15362
1.1524
1.15113
1.14981
1.14845
1.14704
1.14559
1.1441
1.14258
1.14102
1.13943
1.1378
1.13616
1.13448
1.13279
1.13107
1.12934
1.1276
1.12585
1.12409
1.12232
1.12056
1.11879
1.11703
1.11528
1.11354
1.11182
1.11011
1.10842
1.10675
1.10511
1.1035
1.10191
1.10036
1.09885
1.09737
1.09594
1.09454
1.09319
1.09189
1.09064
1.08943
1.08827
1.08717
1.08612
1.08513
1.08419
1.0833
1.08248
1.08171
1.081
1.08034
1.07975
1.07921
1.07873
1.07831
1.07795
1.07764
1.07739
1.07719
1.07705
1.07696
1.07692
1.07694
1.07701
1.07713
1.07729
1.07751
1.07777
1.07807
1.07842
1.07881
1.07923
1.0797
1.08021
1.08075
1.08133
1.08194
1.08259
1.08326
1.08397
1.0847
1.08546
1.08625
1.08706
1.08789
1.08875
1.08963
1.09053
1.09145
1.09238
1.09334
1.09431
1.09529
1.09629
1.0973
1.09833
1.09937
1.10042
1.10147
1.10254
1.10362
1.10471
1.10581
1.10691
1.10802
1.10914
1.11026
1.11139
1.11252
1.11366
1.1148
1.11594
1.11709
1.11824
1.1194
1.12055
1.12171
1.12286
1.12402
1.12517
1.12633
1.12748
1.12863
1.12978
1.13093
1.13207
1.13321
1.13435
1.13548
1.1366
1.13772
1.13882
1.13992
1.14102
1.1421
1.14317
1.14423
1.14528
1.14632
1.14734
1.14835
1.14935
1.15033
1.15129
1.15224
1.15316
1.15407
1.15496
1.15583
1.15667
1.1575
1.1583
1.15908
1.15984
1.16057
1.16128
1.16196
1.16262
1.16325
1.16386
1.16444
1.16499
1.16552
1.16603
1.16651
1.16696
1.16739
1.1678
1.16818
1.16854
1.16888
1.1692
1.1695
1.16977
1.17003
1.17027
1.1705
1.17071
1.17091
1.17109
1.17126
1.17143
1.17158
1.17173
1.17188
1.17202
1.17216
1.17229
1.17243
1.17257
1.17271
1.17286
1.17302
1.17318
1.17335
1.17353
1.17373
1.17393
1.17415
1.17438
1.17463
1.17489
1.17516
1.17545
1.17576
1.17608
1.17642
1.17677
1.17714
1.17752
1.17792
1.17833
1.17875
1.17919
1.17963
1.18009
1.18056
1.18103
1.18151
1.182
1.1825
1.18299
1.18349
1.18399
1.18449
1.18499
1.18548
1.18597
1.18645
1.18693
1.1874
1.18785
1.1883
1.18874
1.18916
1.18957
1.18996
1.19033
1.19069
1.19103
1.19135
1.19165
1.19193
1.19219
1.19242
1.19263
1.19282
1.19299
1.19312
1.19324
1.19332
1.19338
1.19341
1.19342
1.19339
1.19334
1.19326
1.19315
1.19301
1.19284
1.19264
1.19241
1.19215
1.19186
1.19154
1.19119
1.1908
1.19039
1.18994
1.18947
1.18896
1.18842
1.18785
1.18725
1.18662
1.18596
1.18527
1.18455
1.18381
1.18303
1.18222
1.18139
1.18053
1.17964
1.17873
1.17779
1.17683
1.17584
1.17483
1.1738
1.17275
1.17167
1.17058
1.16947
1.16835
1.1672
1.16605
1.16488
1.16369
1.1625
1.1613
1.16008
1.15886
1.15764
1.1564
1.15517
1.15393
1.15269
1.15145
1.15021
1.14898
1.14774
1.14651
1.14528
1.14406
1.14284
1.14163
1.14043
1.13923
1.13804
1.13686
1.13568
1.13451
1.13336
1.13221
1.13106
1.12993
1.1288
1.12768
1.12656
1.12545
1.12435
1.12325
1.12215
1.12106
1.11997
1.11888
1.1178
1.11671
1.11563
1.11454
1.11345
1.11236
1.11127
1.11017
1.10907
1.10796
1.10684
1.10572
1.10459
1.10346
1.10231
1.10116
1.1
1.09884
1.09767
1.09649
1.0953
1.09411
1.09292
1.09172
1.09052
1.08932
1.08811
1.08691
1.08572
1.08452
1.08333
1.08216
1.08099
1.07983
1.0787
1.07758
1.07648
1.0754
1.07434
1.07332
1.07232
1.07136
1.07044
1.06955
1.0687
1.0679
1.06714
1.06643
1.06577
1.06516
1.06461
1.0641
1.06365
1.06326
1.06293
1.06265
1.06243
1.06226
1.06216
1.06211
1.06212
1.06219
1.06231
1.06248
1.06271
1.06298
1.06331
1.06368
1.0641
1.06455
1.06505
1.06559
1.06616
1.06677
1.0674
1.06806
1.06875
1.06946
1.07019
1.07093
1.07169
1.07246
1.07324
1.07403
1.07482
1.07562
1.07641
1.07721
1.078
1.07878
1.07955
1.08032
1.08108
1.08182
1.08255
1.08326
1.08395
1.08463
1.08528
1.08592
1.08653
1.08712
1.08768
1.08822
1.08874
1.08922
1.08968
1.09011
1.09052
1.09089
1.09123
1.09155
1.09183
1.09209
1.09231
1.0925
1.09267
1.0928
1.0929
1.09298
1.09302
1.09304
1.09303
1.093
1.09293
1.09285
1.09274
1.09261
1.09245
1.09228
1.09209
1.09188
1.09166
1.09143
1.09118
1.09093
1.09067
1.0904
1.09013
1.08986
1.08959
1.08933
1.08907
1.08882
1.08858
1.08835
1.08813
1.08794
1.08776
1.0876
1.08746
1.08735
1.08726
1.0872
1.08716
1.08716
1.08719
1.08724
1.08733
1.08745
1.0876
1.08779
1.088
1.08825
1.08853
1.08884
1.08918
1.08955
1.08996
1.09038
1.09084
1.09132
1.09183
1.09235
1.0929
1.09347
1.09405
1.09465
1.09526
1.09588
1.09652
1.09716
1.09781
1.09847
1.09912
1.09979
1.10045
1.10111
1.10177
1.10243
1.10308
1.10374
1.10438
1.10502
1.10566
1.10629
1.10691
1.10753
1.10814
1.10875
1.10935
1.10995
1.11054
1.11113
1.11172
1.11231
1.11289
1.11348
1.11407
1.11465
1.11525
1.11585
1.11645
1.11706
1.11767
1.1183
1.11894
1.11958
1.12024
1.12092
1.1216
1.1223
1.12301
1.12374
1.12448
1.12524
1.12601
1.1268
1.12761
1.12843
1.12926
1.13011
1.13098
1.13186
1.13274
1.13364
1.13455
1.13547
1.1364
1.13733
1.13826
1.1392
1.14013
1.14107
1.142
1.14292
1.14384
1.14475
1.14564
1.14653
1.1474
1.14825
1.14908
1.14988
1.15067
1.15142
1.15215
1.15285
1.15351
1.15415
1.15474
1.1553
1.15581
1.15629
1.15672
1.15711
1.15745
1.15774
1.15799
1.15818
1.15833
1.15842
1.15846
1.15845
1.15838
1.15826
1.15809
1.15786
1.15757
1.15723
1.15683
1.15638
1.15588
1.15532
1.15471
1.15405
1.15333
1.15257
1.15175
1.15089
1.14998
1.14903
1.14803
1.14698
1.1459
1.14478
1.14362
1.14242
1.14119
1.13992
1.13863
1.13731
1.13596
1.13458
1.13319
1.13177
1.13033
1.12887
1.1274
1.12592
1.12442
1.12292
1.1214
1.11988
1.11835
1.11682
1.11528
1.11375
1.1122
1.11066
1.10912
1.10758
1.10604
1.1045
1.10296
1.10143
1.09989
1.09836
1.09683
1.0953
1.09378
1.09225
1.09072
1.0892
1.08767
1.08614
1.08461
1.08308
1.08154
1.08
1.07845
1.0769
1.07534
1.07377
1.0722
1.07062
1.06903
1.06742
1.06581
1.06419
1.06255
1.06091
1.05925
1.05757
1.05589
1.05419
1.05248
1.05076
1.04903
1.04728
1.04552
1.04376
1.04198
1.04019
1.03839
1.03658
1.03477
1.03295
1.03113
1.0293
1.02748
1.02565
1.02382
1.022
1.02018
1.01836
1.01656
1.01476
1.01298
1.01122
1.00947
1.00774
1.00604
1.00435
1.0027
1.00107
0.999473
0.99791
0.996384
0.994897
0.993451
0.992049
0.990694
0.989387
0.988131
0.986929
0.985783
0.984695
0.983667
0.982703
0.981804
0.980972
0.980211
0.97952
0.978904
0.978364
0.977902
0.977519
0.977216
0.976997
0.976862
0.976812
0.97685
0.976976
0.977192
0.977498
0.977896
0.978386
0.978969
0.979646
0.980417
0.981282
0.982243
0.983298
0.984449
0.985695
0.987036
0.988472
0.990002
0.991627
0.993344
0.995155
0.997057
0.99905
1.00113
1.0033
1.00556
1.0079
1.01032
1.01283
1.01542
1.01808
1.02082
1.02364
1.02652
1.02948
1.0325
1.03558
1.03873
1.04193
1.04519
1.0485
1.05186
1.05526
1.05872
1.06221
1.06573
1.06929
1.07288
1.0765
1.08014
1.0838
1.08748
1.09117
1.09487
1.09857
1.10228
1.10599
1.10969
1.11339
1.11707
1.12074
1.1244
1.12803
1.13164
1.13522
1.13878
1.1423
1.14578
1.14923
1.15264
1.156
1.15932
1.16258
1.1658
1.16896
1.17207
1.17512
1.17811
1.18103
1.18389
1.18668
1.18941
1.19206
1.19465
1.19716
1.19959
1.20195
1.20424
1.20644
1.20857
1.21061
1.21257
1.21446
1.21625
1.21797
1.2196
1.22114
1.22261
1.22398
1.22527
1.22648
1.2276
1.22864
1.22959
1.23046
1.23125
1.23195
1.23257
1.23311
1.23357
1.23395
1.23425
1.23447
1.23462
1.23469
1.23469
1.23461
1.23447
1.23425
1.23397
1.23361
1.2332
1.23272
1.23217
1.23157
1.23091
1.23019
1.22941
1.22859
1.22771
1.22678
1.2258
1.22478
1.22371
1.2226
1.22145
1.22025
1.21902
1.21775
1.21645
1.21511
1.21374
1.21234
1.21091
1.20945
1.20796
1.20644
1.2049
1.20333
1.20175
1.20014
1.1985
1.19685
1.19518
1.19349
1.19179
1.19006
1.18832
1.18657
1.1848
1.18302
1.18123
1.17942
1.17761
1.17579
1.17395
1.17211
1.17027
1.16842
1.16656
1.16471
1.16285
1.16099
1.15914
1.15729
1.15544
1.1536
1.15177
1.14994
1.14813
1.14633
1.14454
1.14277
1.14102
1.13928
1.13757
1.13587
1.1342
1.13256
1.13094
1.12935
1.12778
1.12625
1.12475
1.12329
1.12185
1.12046
1.1191
1.11777
1.11648
1.11523
1.11402
1.11285
1.11171
1.11062
1.10956
1.10854
1.10756
1.10662
1.10572
1.10485
1.10402
1.10322
1.10245
1.10172
1.10101
1.10034
1.09969
1.09907
1.09847
1.0979
1.09734
1.09681
1.0963
1.0958
1.09532
1.09484
1.09438
1.09393
1.09349
1.09305
1.09262
1.09219
1.09176
1.09133
1.0909
1.09047
1.09003
1.08959
1.08914
1.08869
1.08823
1.08776
1.08729
1.0868
1.08631
1.08581
1.08531
1.08479
1.08427
1.08374
1.08321
1.08266
1.08212
1.08157
1.08101
1.08045
1.07989
1.07933
1.07877
1.07821
1.07766
1.0771
1.07656
1.07602
1.07549
1.07497
1.07446
1.07396
1.07347
1.073
1.07254
1.0721
1.07167
1.07126
1.07087
1.0705
1.07014
1.0698
1.06949
1.06919
1.06891
1.06864
1.0684
1.06818
1.06797
1.06778
1.0676
1.06744
1.06729
1.06716
1.06704
1.06693
1.06683
1.06674
1.06666
1.06658
1.06651
1.06645
1.06639
1.06633
1.06627
1.06622
1.06616
1.06611
1.06605
1.06599
1.06593
1.06587
1.0658
1.06573
1.06566
1.06558
1.06551
1.06543
1.06535
1.06527
1.06518
1.0651
1.06502
1.06493
1.06486
1.06478
1.06471
1.06464
1.06459
1.06454
1.0645
1.06447
1.06445
1.06445
1.06446
1.06449
1.06454
1.06461
1.06469
1.0648
1.06493
1.06509
1.06527
1.06548
1.06571
1.06597
1.06625
1.06656
1.06691
1.06727
1.06767
1.06809
1.06854
1.06901
1.06951
1.07004
1.07058
1.07115
1.07173
1.07234
1.07296
1.07359
1.07423
1.07489
1.07555
1.07621
1.07687
1.07754
1.07819
1.07884
1.07948
1.08011
1.08071
1.0813
1.08186
1.08239
1.08289
1.08336
1.08379
1.08417
1.08451
1.0848
1.08505
1.08523
1.08536
1.08543
1.08543
1.08537
1.08524
1.08504
1.08477
1.08443
1.084
1.0835
1.08292
1.08225
1.08151
1.08068
1.07977
1.07878
1.0777
1.07654
1.07529
1.07397
1.07256
1.07106
1.06949
1.06784
1.06611
1.0643
1.06242
1.06047
1.05845
1.05636
1.05421
1.05199
1.04972
1.04739
1.045
1.04257
1.04008
1.03756
1.03499
1.03239
1.02975
1.02708
1.02438
1.02166
1.01892
1.01616
1.01339
1.01061
1.00782
1.00503
1.00223
0.999437
0.996649
0.993869
0.9911
0.988344
0.985606
0.982886
0.980188
0.977515
0.974868
0.97225
0.969664
0.967112
0.964596
0.962119
0.959683
0.95729
0.954943
0.952643
0.950392
0.948192
0.946045
0.943953
0.941918
0.93994
0.938023
0.936168
0.934376
0.932649
0.930989
0.929397
0.927873
0.926419
0.925036
0.923725
0.922486
0.921321
0.920231
0.919215
0.918275
0.91741
0.916621
0.915909
0.915273
0.914714
0.91423
0.913823
0.913491
0.913234
0.913051
0.91294
0.912902
0.912936
0.913039
0.913212
0.913452
0.913759
0.91413
0.914563
0.915058
0.915611
0.916222
0.916887
0.917605
0.918374
0.919191
0.920054
0.920961
0.921909
0.922896
0.923917
0.924972
0.926057
0.92717
0.928306
0.929464
0.930641
0.931833
0.933039
0.934255
0.935479
0.936706
0.937936
0.939163
0.940387
0.941604
0.942811
0.944006
0.945185
0.946347
0.947488
0.948606
0.949699
0.950765
0.951801
0.952805
0.953776
0.95471
0.955608
0.956465
0.957282
0.958056
0.958786
0.959472
0.960113
0.960706
0.961251
0.961748
0.962196
0.962595
0.962944
0.963244
0.963494
0.963694
0.963846
0.96395
0.964006
0.964016
0.963979
0.963898
0.963773
0.963606
0.963398
0.963151
0.962867
0.962547
0.962194
0.96181
0.961397
0.960958
0.960496
0.960012
0.959509
0.958989
0.958456
0.957912
0.95736
0.956802
0.956243
0.955684
0.955129
0.95458
0.95404
0.953512
0.952998
0.952502
0.952025
0.95157
0.95114
0.950738
0.950365
0.950025
0.949718
0.949447
0.949214
0.94902
0.948867
0.948757
0.948693
0.948673
0.948701
0.948776
0.9489
0.949074
0.949298
0.949572
0.949898
0.950275
0.950703
0.951184
0.951718
0.952304
0.952942
0.953632
0.954374
0.955168
0.956012
0.956907
0.957853
0.958848
0.959893
0.960987
0.962129
0.96332
0.964558
0.965844
0.967175
0.968553
0.969976
0.971444
0.972956
0.974512
0.976111
0.977751
0.979433
0.981156
0.982919
0.984721
0.986561
0.988439
0.990353
0.992301
0.994283
0.996299
0.998346
1.00042
1.00253
1.00466
1.00682
1.00901
1.01121
1.01344
1.01568
1.01795
1.02022
1.02251
1.02481
1.02712
1.02944
1.03176
1.03408
1.0364
1.03872
1.04103
1.04333
1.04563
1.04791
1.05018
1.05243
1.05466
1.05687
1.05906
1.06122
1.06335
1.06545
1.06752
1.06955
1.07155
1.07351
1.07543
1.07731
1.07914
1.08093
1.08266
1.08436
1.086
1.08759
1.08912
1.0906
1.09203
1.0934
1.09471
1.09597
1.09716
1.0983
1.09937
1.10038
1.10134
1.10223
1.10305
1.10382
1.10452
1.10517
1.10575
1.10626
1.10672
1.10712
1.10745
1.10773
1.10794
1.1081
1.10821
1.10825
1.10825
1.10819
1.10808
1.10793
1.10772
1.10748
1.10719
1.10686
1.1065
1.1061
1.10568
1.10522
1.10474
1.10424
1.10372
1.10319
1.10264
1.10209
1.10154
1.10098
1.10043
1.09989
1.09936
1.09884
1.09835
1.09788
1.09743
1.09701
1.09663
1.09628
1.09597
1.09571
1.09548
1.09531
1.09518
1.09511
1.09509
1.09512
1.09522
1.09536
1.09557
1.09583
1.09616
1.09654
1.09698
1.09749
1.09804
1.09866
1.09933
1.10006
1.10084
1.10167
1.10255
1.10348
1.10446
1.10548
1.10654
1.10764
1.10877
1.10995
1.11115
1.11238
1.11363
1.11491
1.11622
1.11753
1.11887
1.12021
1.12157
1.12293
1.1243
1.12567
1.12704
1.12841
1.12977
1.13112
1.13246
1.13379
1.1351
1.13639
1.13767
1.13893
1.14016
1.14137
1.14255
1.1437
1.14483
1.14592
1.14698
1.14801
1.14901
1.14997
1.15089
1.15178
1.15263
1.15345
1.15422
1.15496
1.15567
1.15633
1.15695
1.15754
1.15809
1.1586
1.15908
1.15951
1.15991
1.16027
1.16059
1.16088
1.16113
1.16135
1.16153
1.16167
1.16178
1.16185
1.16189
1.1619
1.16187
1.16181
1.16171
1.16158
1.16142
1.16122
1.16099
1.16072
1.16042
1.16009
1.15972
1.15932
1.15888
1.15841
1.1579
1.15736
1.15679
1.15618
1.15553
1.15485
1.15413
1.15337
1.15258
1.15175
1.15088
1.14997
1.14903
1.14805
1.14703
1.14597
1.14488
1.14375
1.14258
1.14137
1.14012
1.13884
1.13752
1.13617
1.13478
1.13335
1.13189
1.1304
1.12887
1.12731
1.12572
1.1241
1.12245
1.12078
1.11907
1.11735
1.1156
1.11382
1.11203
1.11022
1.10839
1.10655
1.1047
1.10284
1.10097
1.09909
1.09722
1.09533
1.09346
1.09158
1.08971
1.08785
1.08599
1.08415
1.08233
1.08052
1.07873
1.07697
1.07523
1.07351
1.07182
1.07016
1.06853
1.06694
1.06538
1.06385
1.06236
1.06091
1.0595
1.05813
1.05679
1.0555
1.05425
1.05304
1.05187
1.05074
1.04965
1.0486
1.0476
1.04663
1.0457
1.04481
1.04396
1.04314
1.04236
1.04161
1.0409
1.04023
1.03958
1.03897
1.03839
1.03785
1.03733
1.03685
1.03639
1.03597
1.03557
1.03521
1.03488
1.03459
1.03432
1.03409
1.03389
1.03373
1.0336
1.03351
1.03347
1.03346
1.03349
1.03357
1.03369
1.03386
1.03408
1.03435
1.03467
1.03505
1.03548
1.03597
1.03651
1.03712
1.03778
1.03851
1.0393
1.04015
1.04106
1.04203
1.04307
1.04418
1.04534
1.04657
1.04786
1.04921
1.05063
1.0521
1.05363
1.05521
1.05684
1.05853
1.06027
1.06205
1.06388
1.06574
1.06765
1.06959
1.07157
1.07357
1.0756
1.07766
1.07973
1.08182
1.08393
1.08605
1.08817
1.0903
1.09243
1.09456
1.09668
1.09879
1.10089
1.10298
1.10505
1.10711
1.10913
1.11114
1.11311
1.11506
1.11697
1.11885
1.12069
1.12249
1.12425
1.12596
1.12763
1.12926
1.13083
1.13235
1.13382
1.13524
1.1366
1.13791
1.13916
1.14035
1.14148
1.14255
1.14356
1.14452
1.14541
1.14623
1.147
1.14771
1.14835
1.14893
1.14946
1.14992
1.15032
1.15066
1.15095
1.15117
1.15135
1.15146
1.15153
1.15154
1.1515
1.15141
1.15127
1.15109
1.15087
1.1506
1.15029
1.14995
1.14957
1.14915
1.14871
1.14823
1.14773
1.14721
1.14666
1.14609
1.1455
1.1449
1.14428
1.14366
1.14302
1.14238
1.14173
1.14108
1.14042
1.13977
1.13912
1.13848
1.13784
1.13721
1.13659
1.13597
1.13537
1.13478
1.13421
1.13364
1.1331
1.13257
1.13206
1.13156
1.13109
1.13064
1.1302
1.12979
1.12939
1.12902
1.12866
1.12833
1.12802
1.12773
1.12746
1.12722
1.12699
1.12678
1.1266
1.12644
1.1263
1.12617
1.12607
1.12599
1.12593
1.12589
1.12587
1.12586
1.12588
1.12591
1.12595
1.12602
1.1261
1.1262
1.12631
1.12644
1.12659
1.12674
1.12691
1.12709
1.12729
1.12749
1.12771
1.12794
1.12818
1.12842
1.12867
1.12894
1.1292
1.12947
1.12975
1.13003
1.13031
1.1306
1.13088
1.13117
1.13146
1.13174
1.13202
1.1323
1.13258
1.13285
1.13311
1.13337
1.13362
1.13386
1.1341
1.13433
1.13455
1.13476
1.13495
1.13514
1.13532
1.13548
1.13563
1.13577
1.13589
1.136
1.1361
1.13619
1.13626
1.13631
1.13636
1.13639
1.1364
1.13641
1.1364
1.13637
1.13633
1.13629
1.13623
1.13615
1.13607
1.13598
1.13587
1.13576
1.13563
1.1355
1.13536
1.13521
1.13505
1.13489
1.13472
1.13454
1.13436
1.13418
1.13399
1.1338
1.13361
1.13341
1.13322
1.13303
1.13283
1.13264
1.13244
1.13225
1.13206
1.13187
1.13168
1.1315
1.13132
1.13114
1.13096
1.13079
1.13063
1.13046
1.1303
1.13015
1.12999
1.12985
1.1297
1.12956
1.12942
1.12928
1.12915
1.12902
1.12889
1.12877
1.12864
1.12852
1.1284
1.12827
1.12815
1.12802
1.12789
1.12776
1.12763
1.12749
1.12735
1.1272
1.12705
1.12689
1.12672
1.12655
1.12636
1.12617
1.12596
1.12574
1.12551
1.12527
1.12502
1.12474
1.12446
1.12416
1.12384
1.12351
1.12316
1.1228
1.12241
1.12201
1.12159
1.12116
1.12071
1.12023
1.11974
1.11924
1.11871
1.11817
1.1176
1.11703
1.11643
1.11582
1.11519
1.11455
1.1139
1.11323
1.11255
1.11186
1.11116
1.11045
1.10973
1.10901
1.10828
1.10754
1.10681
1.10607
1.10533
1.10459
1.10386
1.10313
1.1024
1.10169
1.10098
1.10028
1.09959
1.09891
1.09825
1.0976
1.09697
1.09635
1.09575
1.09518
1.09462
1.09408
1.09356
1.09307
1.0926
1.09215
1.09173
1.09133
1.09095
1.0906
1.09028
1.08997
1.0897
1.08944
1.08921
1.08901
1.08882
1.08866
1.08852
1.0884
1.08831
1.08823
1.08817
1.08812
1.0881
1.08808
1.08809
1.0881
1.08813
1.08817
1.08822
1.08828
1.08835
1.08842
1.0885
1.08858
1.08866
1.08875
1.08883
1.08891
1.08899
1.08907
1.08914
1.08921
1.08927
1.08932
1.08936
1.08938
1.0894
1.08941
1.0894
1.08937
1.08934
1.08928
1.08921
1.08912
1.08902
1.08889
1.08875
1.08859
1.08841
1.08821
1.088
1.08777
1.08752
1.08725
1.08696
1.08666
1.08634
1.08601
1.08566
1.08531
1.08494
1.08456
1.08417
1.08377
1.08337
1.08296
1.08255
1.08213
1.08172
1.08131
1.08091
1.08051
1.08011
1.07973
1.07936
1.079
1.07865
1.07833
1.07802
1.07773
1.07746
1.07722
1.077
1.0768
1.07664
1.0765
1.0764
1.07632
1.07627
1.07626
1.07628
1.07633
1.07642
1.07654
1.07669
1.07687
1.07709
1.07734
1.07761
1.07792
1.07826
1.07862
1.07901
1.07943
1.07986
1.08032
1.0808
1.08129
1.0818
1.08232
1.08286
1.0834
1.08395
1.0845
1.08506
1.08561
1.08617
1.08672
1.08726
1.08779
1.08832
1.08883
1.08933
1.08981
1.09028
1.09072
1.09115
1.09155
1.09194
1.0923
1.09263
1.09294
1.09323
1.09349
1.09372
1.09394
1.09412
1.09428
1.09442
1.09453
1.09462
1.09468
1.09473
1.09475
1.09476
1.09474
1.09472
1.09467
1.09462
1.09455
1.09447
1.09438
1.09429
1.09419
1.09409
1.09399
1.0939
1.0938
1.09371
1.09363
1.09356
1.0935
1.09345
1.09342
1.0934
1.0934
1.09342
1.09345
1.09351
1.09359
1.09368
1.09381
1.09395
1.09412
1.09432
1.09453
1.09477
1.09504
1.09532
1.09563
1.09596
1.09631
1.09668
1.09706
1.09747
1.09788
1.09831
1.09875
1.0992
1.09965
1.10011
1.10058
1.10104
1.1015
1.10196
1.10241
1.10285
1.10328
1.1037
1.1041
1.10448
1.10484
1.10518
1.10549
1.10578
1.10604
1.10627
1.10646
1.10662
1.10675
1.10684
1.10689
1.1069
1.10688
1.10681
1.10671
1.10656
1.10638
1.10615
1.10589
1.10559
1.10525
1.10488
1.10447
1.10403
1.10356
1.10306
1.10253
1.10198
1.10141
1.10082
1.10022
1.0996
1.09897
1.09834
1.0977
1.09706
1.09643
1.0958
1.09519
1.09458
1.09399
1.09342
1.09287
1.09234
1.09184
1.09137
1.09092
1.09051
1.09013
1.08978
1.08947
1.08918
1.08894
1.08872
1.08854
1.08839
1.08826
1.08817
1.0881
1.08806
1.08803
1.08803
1.08804
1.08806
1.0881
1.08814
1.08818
1.08823
1.08827
1.0883
1.08833
1.08834
1.08834
1.08831
1.08827
1.0882
1.08811
1.08798
1.08782
1.08764
1.08741
1.08715
1.08685
1.08651
1.08613
1.08571
1.08524
1.08474
1.08419
1.0836
1.08296
1.08229
1.08157
1.08081
1.08001
1.07917
1.07829
1.07738
1.07643
1.07544
1.07442
1.07337
1.07229
1.07119
1.07005
1.0689
1.06772
1.06653
1.06531
1.06408
1.06284
1.06159
1.06033
1.05906
1.05779
1.05652
1.05526
1.05399
1.05274
1.05149
1.05026
1.04903
1.04783
1.04665
1.04548
1.04435
1.04323
1.04215
1.0411
1.04009
1.03911
1.03818
1.03728
1.03643
1.03563
1.03488
1.03418
1.03354
1.03295
1.03242
1.03196
1.03155
1.03121
1.03094
1.03074
1.0306
1.03053
1.03054
1.03061
1.03076
1.03098
1.03127
1.03163
1.03206
1.03257
1.03314
1.03377
1.03448
1.03524
1.03607
1.03695
1.03789
1.03889
1.03993
1.04102
1.04215
1.04333
1.04454
1.04578
1.04705
1.04834
1.04966
1.051
1.05235
1.05371
1.05508
1.05646
1.05783
1.05921
1.06058
1.06195
1.06331
1.06465
1.06599
1.06731
1.06861
1.06989
1.07116
1.0724
1.07363
1.07483
1.07601
1.07717
1.07831
1.07942
1.08051
1.08158
1.08263
1.08365
1.08465
1.08563
1.08659
1.08753
1.08845
1.08935
1.09022
1.09108
1.09193
1.09275
1.09355
1.09434
1.09511
1.09586
1.09659
1.0973
1.098
1.09868
1.09933
1.09997
1.10059
1.10119
1.10176
1.10232
1.10285
1.10336
1.10384
1.1043
1.10473
1.10513
1.1055
1.10584
1.10615
1.10642
1.10666
1.10687
1.10704
1.10718
1.10728
1.10734
1.10736
1.10734
1.10728
1.10718
1.10704
1.10686
1.10664
1.10637
1.10607
1.10573
1.10535
1.10493
1.10447
1.10398
1.10345
1.10288
1.10229
1.10166
1.10101
1.10033
1.09962
1.0989
1.09815
1.09738
1.09659
1.09579
1.09498
1.09416
1.09334
1.09251
1.09167
1.09084
1.09002
1.0892
1.08839
1.08759
1.0868
1.08604
1.08528
1.08456
1.08385
1.08317
1.08251
1.08189
1.08129
1.08073
1.0802
1.07971
1.07925
1.07883
1.07844
1.0781
1.0778
1.07753
1.07731
1.07713
1.07699
1.07689
1.07683
1.07681
1.07683
1.07689
1.07698
1.07712
1.07729
1.07749
1.07773
1.078
1.07831
1.07864
1.07901
1.0794
1.07981
1.08025
1.08071
1.08119
1.08169
1.08221
1.08274
1.08328
1.08384
1.08441
1.08498
1.08557
1.08616
1.08675
1.08734
1.08794
1.08854
1.08913
1.08973
1.09032
1.0909
1.09148
1.09206
1.09262
1.09318
1.09374
1.09428
1.09481
1.09533
1.09585
1.09635
1.09684
1.09732
1.09779
1.09825
1.0987
1.09914
1.09956
1.09998
1.10038
1.10078
1.10116
1.10153
1.1019
1.10225
1.10259
1.10292
1.10324
1.10354
1.10384
1.10412
1.1044
1.10466
1.1049
1.10513
1.10535
1.10555
1.10574
1.10591
1.10606
1.1062
1.10631
1.1064
1.10648
1.10653
1.10656
1.10656
1.10654
1.1065
1.10643
1.10633
1.1062
1.10605
1.10586
1.10565
1.10541
1.10514
1.10483
1.1045
1.10414
1.10375
1.10332
1.10287
1.1024
1.10189
1.10136
1.10081
1.10023
1.09963
1.09901
1.09837
1.09771
1.09704
1.09636
1.09566
1.09496
1.09425
1.09353
1.09281
1.09209
1.09137
1.09066
1.08995
1.08926
1.08857
1.0879
1.08724
1.0866
1.08597
1.08537
1.0848
1.08424
1.08372
1.08322
1.08274
1.0823
1.08189
1.08151
1.08117
1.08086
1.08058
1.08033
1.08012
1.07995
1.07981
1.0797
1.07962
1.07958
1.07957
1.07959
1.07964
1.07972
1.07983
1.07996
1.08012
1.08031
1.08051
1.08074
1.08098
1.08124
1.08151
1.08179
1.08208
1.08238
1.08269
1.083
1.0833
1.08361
1.08391
1.08421
1.0845
1.08477
1.08504
1.08529
1.08552
1.08573
1.08592
1.08608
1.08622
1.08633
1.08642
1.08647
1.08649
1.08648
1.08643
1.08635
1.08623
1.08608
1.08589
1.08566
1.08539
1.08508
1.08473
1.08434
1.08392
1.08346
1.08296
1.08242
1.08185
1.08125
1.08061
1.07994
1.07923
1.0785
1.07774
1.07696
1.07615
1.07532
1.07447
1.0736
1.07271
1.07181
1.0709
1.06998
1.06905
1.06811
1.06717
1.06622
1.06528
1.06434
1.0634
1.06246
1.06153
1.06061
1.0597
1.0588
1.05791
1.05703
1.05617
1.05532
1.05449
1.05367
1.05288
1.0521
1.05134
1.05059
1.04987
1.04917
1.04849
1.04783
1.04719
1.04657
1.04598
1.0454
1.04485
1.04431
1.0438
1.04332
1.04285
1.04241
1.04199
1.04159
1.04121
1.04086
1.04053
1.04022
1.03994
1.03968
1.03945
1.03924
1.03906
1.0389
1.03877
1.03867
1.03859
1.03855
1.03853
1.03855
1.0386
1.03868
1.0388
1.03895
1.03913
1.03936
1.03962
1.03992
1.04026
1.04064
1.04107
1.04153
1.04205
1.04261
1.04321
1.04386
1.04457
1.04532
1.04612
1.04698
1.04789
1.04885
1.04987
1.05094
1.05206
1.05324
1.05448
1.05578
1.05713
1.05854
1.06
1.06152
1.06311
1.06474
1.06644
1.06819
1.06999
1.07186
1.07377
1.07574
1.07776
1.07984
1.08196
1.08413
1.08634
1.0886
1.0909
1.09325
1.09563
1.09804
1.10049
1.10297
1.10549
1.10802
1.11058
1.11316
1.11576
1.11837
1.121
1.12363
1.12627
1.12891
1.13155
1.13419
1.13682
1.13944
1.14204
1.14463
1.1472
1.14975
1.15226
1.15475
1.15721
1.15963
1.16201
1.16434
1.16664
1.16888
1.17108
1.17322
1.17531
1.17734
1.17931
1.18122
1.18307
1.18485
1.18656
1.18821
1.18978
1.19129
1.19272
1.19407
1.19535
1.19656
1.19769
1.19875
1.19973
1.20064
1.20146
1.20222
1.2029
1.2035
1.20403
1.20448
1.20487
1.20518
1.20543
1.2056
1.20571
1.20575
1.20573
1.20565
1.20551
1.2053
1.20505
1.20473
1.20437
1.20396
1.2035
1.20299
1.20245
1.20186
1.20124
1.20058
1.19989
1.19918
1.19843
1.19766
1.19688
1.19607
1.19524
1.19441
1.19356
1.1927
1.19184
1.19098
1.19011
1.18925
1.18839
1.18754
1.18669
1.18586
1.18504
1.18423
1.18344
1.18267
1.18193
1.1812
1.1805
1.17982
1.17917
1.17855
1.17796
1.1774
1.17687
1.17638
1.17591
1.17549
1.1751
1.17474
1.17442
1.17414
1.1739
1.17369
1.17352
1.17339
1.17329
1.17323
1.17321
1.17322
1.17327
1.17335
1.17346
1.17361
1.17379
1.174
1.17425
1.17452
1.17481
1.17514
1.17549
1.17586
1.17625
1.17667
1.1771
1.17756
1.17802
1.17851
1.179
1.1795
1.18002
1.18054
1.18106
1.18159
1.18212
1.18265
1.18318
1.18371
1.18423
1.18474
1.18524
1.18574
1.18622
1.18669
1.18714
1.18757
1.18798
1.18838
1.18875
1.18909
1.18942
1.18971
1.18997
1.19021
1.19041
1.19058
1.19072
1.19082
1.19088
1.19091
1.1909
1.19084
1.19075
1.19061
1.19043
1.19021
1.18994
1.18963
1.18927
1.18886
1.18841
1.18791
1.18736
1.18676
1.18612
1.18542
1.18468
1.18389
1.18304
1.18215
1.18121
1.18022
1.17919
1.1781
1.17697
1.17579
1.17456
1.17329
1.17198
1.17062
1.16922
1.16778
1.16629
1.16477
1.16321
1.16161
1.15998
1.15831
1.15661
1.15489
1.15313
1.15134
1.14953
1.14769
1.14584
1.14396
1.14206
1.14014
1.13821
1.13627
1.13431
1.13234
1.13037
1.12839
1.1264
1.12441
1.12242
1.12043
1.11843
1.11645
1.11446
1.11248
1.11051
1.10855
1.10659
1.10465
1.10272
1.1008
1.0989
1.09701
1.09513
1.09328
1.09144
1.08962
1.08782
1.08605
1.08429
1.08256
1.08085
1.07916
1.0775
1.07586
1.07425
1.07266
1.07111
1.06958
1.06807
1.0666
1.06515
1.06374
1.06235
1.06099
1.05967
1.05837
1.05711
1.05587
1.05467
1.0535
1.05236
1.05125
1.05018
1.04914
1.04812
1.04715
1.0462
1.04528
1.0444
1.04355
1.04274
1.04196
1.04121
1.04049
1.03981
1.03917
1.03856
1.03798
1.03744
1.03693
1.03646
1.03602
1.03563
1.03527
1.03494
1.03466
1.03441
1.03421
1.03404
1.03392
1.03383
1.03379
1.03379
1.03383
1.03392
1.03404
1.03421
1.03442
1.03468
1.03497
1.03531
1.03569
1.03612
1.03658
1.03709
1.03764
1.03822
1.03885
1.03951
1.04021
1.04095
1.04172
1.04252
1.04335
1.04422
1.04511
1.04604
1.04698
1.04796
1.04895
1.04997
1.05101
1.05206
1.05314
1.05423
1.05533
1.05645
1.05758
1.05872
1.05988
1.06104
1.06222
1.0634
1.06459
1.0658
1.06701
1.06822
1.06945
1.07069
1.07193
1.07319
1.07446
1.07573
1.07702
1.07832
1.07963
1.08096
1.0823
1.08366
1.08504
1.08643
1.08784
1.08927
1.09072
1.09219
1.09368
1.09519
1.09673
1.09828
1.09987
1.10147
1.10311
1.10476
1.10644
1.10814
1.10986
1.11161
1.11338
1.11517
1.11698
1.11881
1.12066
1.12253
1.12441
1.1263
1.12821
1.13013
1.13206
1.134
1.13594
1.13789
1.13984
1.14179
1.14374
1.14568
1.14762
1.14955
1.15148
1.15339
1.15529
1.15717
1.15904
1.16089
1.16272
1.16453
1.16631
1.16808
1.16982
1.17153
1.17322
1.17488
1.17651
1.17811
1.17969
1.18123
1.18274
1.18422
1.18567
1.18709
1.18848
1.18983
1.19116
1.19245
1.19371
1.19494
1.19614
1.19731
1.19844
1.19955
1.20063
1.20168
1.20269
1.20369
1.20465
1.20558
1.20649
1.20737
1.20823
1.20906
1.20986
1.21065
1.2114
1.21213
1.21284
1.21353
1.21419
1.21483
1.21545
1.21605
1.21663
1.21718
1.21772
1.21823
1.21873
1.2192
1.21966
1.2201
1.22051
1.22091
1.22129
1.22165
1.222
1.22232
1.22263
1.22292
1.22319
1.22344
1.22368
1.22389
1.2241
1.22428
1.22445
1.2246
1.22473
1.22485
1.22495
1.22503
1.2251
1.22516
1.2252
1.22522
1.22523
1.22523
1.22521
1.22518
1.22513
1.22508
1.22501
1.22493
1.22484
1.22474
1.22463
1.22452
1.22439
1.22426
1.22412
1.22397
1.22382
1.22367
1.22351
1.22336
1.2232
1.22304
1.22288
1.22272
1.22256
1.22241
1.22225
1.22211
1.22197
1.22183
1.2217
1.22158
1.22147
1.22136
1.22127
1.22118
1.2211
1.22104
1.22098
1.22093
1.22089
1.22086
1.22084
1.22082
1.22082
1.22082
1.22083
1.22085
1.22087
1.2209
1.22093
1.22096
1.221
1.22104
1.22107
1.2211
1.22113
1.22116
1.22118
1.22119
1.22119
1.22119
1.22117
1.22114
1.22109
1.22104
1.22096
1.22087
1.22076
1.22063
1.22048
1.22031
1.22012
1.21991
1.21967
1.21941
1.21913
1.21882
1.21849
1.21814
1.21776
1.21736
1.21694
1.2165
1.21603
1.21554
1.21503
1.21449
1.21394
1.21337
1.21278
1.21217
1.21154
1.2109
1.21024
1.20956
1.20888
1.20817
1.20746
1.20673
1.20599
1.20524
1.20448
1.20371
1.20293
1.20214
1.20134
1.20054
1.19973
1.19891
1.19808
1.19725
1.19641
1.19557
1.19472
1.19386
1.19301
1.19214
1.19128
1.19041
1.18954
1.18867
1.18779
1.18692
1.18605
1.18518
1.18431
1.18345
1.18259
1.18174
1.18089
1.18005
1.17923
1.17842
1.17762
1.17683
1.17607
1.17532
1.1746
1.1739
1.17323
1.17258
1.17197
1.17139
1.17084
1.17033
1.16986
1.16943
1.16905
1.16871
1.16841
1.16817
1.16797
1.16783
1.16773
1.1677
1.16771
1.16778
1.16791
1.16809
1.16833
1.16862
1.16897
1.16937
1.16983
1.17033
1.17089
1.1715
1.17215
1.17285
1.1736
1.17438
1.17521
1.17607
1.17696
1.17789
1.17885
1.17983
1.18083
1.18185
1.18288
1.18393
1.18499
1.18605
1.18712
1.18818
1.18923
1.19028
1.19132
1.19234
1.19334
1.19432
1.19528
1.19621
1.19711
1.19798
1.1988
1.1996
1.20034
1.20105
1.20171
1.20233
1.20289
1.2034
1.20386
1.20426
1.20461
1.2049
1.20513
1.2053
1.20541
1.20546
1.20544
1.20537
1.20523
1.20503
1.20476
1.20444
1.20405
1.2036
1.20309
1.20251
1.20188
1.20119
1.20044
1.19963
1.19877
1.19785
1.19688
1.19586
1.1948
1.19368
1.19252
1.19132
1.19007
1.18879
1.18746
1.18611
1.18472
1.1833
1.18185
1.18037
1.17887
1.17735
1.1758
1.17424
1.17266
1.17107
1.16947
1.16785
1.16623
1.1646
1.16297
1.16133
1.15969
1.15805
1.15641
1.15477
1.15314
1.15151
1.14988
1.14826
1.14665
1.14504
1.14344
1.14184
1.14026
1.13868
1.13711
1.13555
1.134
1.13246
1.13093
1.1294
1.12789
1.12638
1.12488
1.12339
1.12191
1.12043
1.11896
1.1175
1.11605
1.11461
1.11317
1.11174
1.11032
1.1089
1.1075
1.1061
1.10471
1.10333
1.10196
1.10059
1.09924
1.0979
1.09656
1.09524
1.09393
1.09263
1.09134
1.09007
1.08881
1.08757
1.08634
1.08514
1.08395
1.08278
1.08163
1.0805
1.07939
1.0783
1.07724
1.07621
1.0752
1.07421
1.07326
1.07233
1.07143
1.07056
1.06972
1.06892
1.06815
1.06741
1.0667
1.06603
1.06539
1.06479
1.06422
1.06369
1.0632
1.06274
1.06232
1.06193
1.06158
1.06127
1.06099
1.06074
1.06054
1.06036
1.06022
1.06012
1.06004
1.06
1.05998
1.06
1.06004
1.06012
1.06022
1.06034
1.06049
1.06066
1.06086
1.06107
1.0613
1.06156
1.06183
1.06211
1.06241
1.06273
1.06306
1.0634
1.06376
1.06412
1.0645
1.06489
1.06529
1.0657
1.06613
1.06656
1.06701
1.06746
1.06793
1.06841
1.0689
1.06941
1.06993
1.07047
1.07102
1.07159
1.07218
1.07279
1.07341
1.07406
1.07473
1.07542
1.07613
1.07686
1.07762
1.07841
1.07921
1.08004
1.0809
1.08178
1.08269
1.08362
1.08457
1.08555
1.08655
1.08757
1.08862
1.08969
1.09078
1.09189
1.09302
1.09416
1.09533
1.09652
1.09772
1.09893
1.10016
1.10141
1.10266
1.10393
1.10521
1.1065
1.10779
1.1091
1.11041
1.11172
1.11304
1.11436
1.11568
1.117
1.11832
1.11964
1.12095
1.12226
1.12356
1.12485
1.12613
1.1274
1.12865
1.12989
1.13111
1.13231
1.1335
1.13466
1.1358
1.13692
1.138
1.13907
1.1401
1.14111
1.14208
1.14302
1.14393
1.14481
1.14565
1.14646
1.14723
1.14796
1.14866
1.14931
1.14993
1.15051
1.15106
1.15156
1.15202
1.15245
1.15283
1.15317
1.15348
1.15374
1.15397
1.15416
1.15431
1.15441
1.15449
1.15452
1.15451
1.15447
1.15439
1.15428
1.15413
1.15395
1.15373
1.15347
1.15319
1.15287
1.15252
1.15213
1.15172
1.15127
1.1508
1.15029
1.14975
1.14919
1.14859
1.14797
1.14732
1.14664
1.14593
1.1452
1.14443
1.14364
1.14282
1.14197
1.14109
1.14019
1.13926
1.1383
1.13731
1.1363
1.13525
1.13418
1.13308
1.13195
1.1308
1.12961
1.1284
1.12716
1.12588
1.12458
1.12325
1.1219
1.12051
1.1191
1.11766
1.11619
1.1147
1.11318
1.11163
1.11006
1.10847
1.10685
1.10522
1.10356
1.10188
1.10018
1.09847
1.09674
1.095
1.09324
1.09147
1.0897
1.08792
1.08613
1.08434
1.08256
1.08077
1.07899
1.07722
1.07546
1.07371
1.07197
1.07026
1.06856
1.06689
1.06524
1.06362
1.06204
1.06048
1.05897
1.05749
1.05605
1.05465
1.0533
1.052
1.05074
1.04954
1.04839
1.04729
1.04625
1.04526
1.04434
1.04347
1.04266
1.0419
1.04121
1.04058
1.04001
1.03949
1.03904
1.03865
1.03831
1.03804
1.03782
1.03765
1.03755
1.03749
1.03749
1.03754
1.03764
1.03779
1.03799
1.03823
1.03852
1.03885
1.03922
1.03962
1.04007
1.04055
1.04107
1.04161
1.04219
1.0428
1.04343
1.04409
1.04477
1.04548
1.0462
1.04695
1.04771
1.0485
1.04929
1.0501
1.05093
1.05176
1.0526
1.05346
1.05432
1.05519
1.05607
1.05695
1.05783
1.05872
1.0596
1.06049
1.06138
1.06227
1.06316
1.06404
1.06492
1.06579
1.06666
1.06752
1.06837
1.06922
1.07006
1.07088
1.0717
1.07251
1.0733
1.07409
1.07486
1.07562
1.07636
1.07709
1.07781
1.07851
1.0792
1.07988
1.08053
1.08118
1.08181
1.08242
1.08302
1.0836
1.08416
1.08472
1.08525
1.08578
1.08629
1.08678
1.08726
1.08773
1.08819
1.08864
1.08907
1.0895
1.08992
1.09032
1.09072
1.09112
1.0915
1.09189
1.09226
1.09264
1.093
1.09337
1.09374
1.0941
1.09446
1.09483
1.09519
1.09556
1.09593
1.0963
1.09668
1.09706
1.09744
1.09783
1.09822
1.09862
1.09903
1.09944
1.09985
1.10027
1.1007
1.10113
1.10157
1.10201
1.10245
1.1029
1.10336
1.10382
1.10428
1.10474
1.10521
1.10567
1.10614
1.10661
1.10708
1.10755
1.10801
1.10847
1.10893
1.10939
1.10984
1.11028
1.11072
1.11115
1.11157
1.11199
1.11239
1.11279
1.11317
1.11354
1.1139
1.11425
1.11459
1.11491
1.11522
1.11551
1.11578
1.11604
1.11628
1.11651
1.11671
1.1169
1.11706
1.11721
1.11734
1.11744
1.11753
1.11759
1.11764
1.11766
1.11766
1.11763
1.11759
1.11752
1.11743
1.11731
1.11718
1.11702
1.11684
1.11664
1.11642
1.11617
1.11591
1.11562
1.11531
1.11499
1.11464
1.11427
1.11389
1.11349
1.11307
1.11264
1.11219
1.11172
1.11124
1.11075
1.11024
1.10973
1.1092
1.10866
1.10811
1.10755
1.10699
1.10642
1.10584
1.10526
1.10467
1.10408
1.10349
1.10289
1.1023
1.1017
1.1011
1.10051
1.09991
1.09932
1.09873
1.09814
1.09756
1.09698
1.0964
1.09583
1.09526
1.0947
1.09414
1.09359
1.09304
1.0925
1.09196
1.09143
1.0909
1.09038
1.08986
1.08935
1.08885
1.08834
1.08785
1.08736
1.08687
1.08638
1.08591
1.08543
1.08496
1.08449
1.08403
1.08356
1.0831
1.08264
1.08219
1.08173
1.08128
1.08083
1.08038
1.07993
1.07948
1.07904
1.07859
1.07815
1.07771
1.07727
1.07683
1.07639
1.07596
1.07552
1.0751
1.07467
1.07425
1.07383
1.07342
1.07301
1.07261
1.07222
1.07183
1.07145
1.07108
1.07071
1.07036
1.07001
1.06968
1.06935
1.06904
1.06874
1.06845
1.06818
1.06792
1.06767
1.06744
1.06723
1.06703
1.06685
1.06668
1.06653
1.0664
1.06629
1.06619
1.06611
1.06604
1.066
1.06597
1.06595
1.06595
1.06597
1.066
1.06605
1.06611
1.06618
1.06626
1.06636
1.06646
1.06657
1.0667
1.06683
1.06696
1.0671
1.06725
1.0674
1.06755
1.06771
1.06786
1.06802
1.06817
1.06832
1.06847
1.06861
1.06875
1.06888
1.06901
1.06913
1.06924
1.06935
1.06945
1.06954
1.06963
1.0697
1.06977
1.06983
1.06988
1.06992
1.06996
1.06999
1.07001
1.07002
1.07003
1.07004
1.07004
1.07003
1.07002
1.07001
1.07
1.06998
1.06996
1.06994
1.06992
1.06989
1.06987
1.06985
1.06983
1.06981
1.0698
1.06979
1.06977
1.06977
1.06977
1.06977
1.06977
1.06978
1.06979
1.06981
1.06984
1.06987
1.0699
1.06994
1.06999
1.07004
1.0701
1.07016
1.07024
1.07031
1.0704
1.07049
1.07059
1.0707
1.07081
1.07094
1.07107
1.07121
1.07135
1.07151
1.07167
1.07185
1.07203
1.07222
1.07242
1.07263
1.07285
1.07307
1.07331
1.07356
1.07382
1.07409
1.07437
1.07466
1.07496
1.07527
1.07559
1.07592
1.07626
1.07661
1.07697
1.07735
1.07773
1.07812
1.07852
1.07893
1.07935
1.07977
1.08021
1.08065
1.0811
1.08155
1.08201
1.08248
1.08295
1.08342
1.0839
1.08438
1.08487
1.08536
1.08584
1.08633
1.08682
1.0873
1.08778
1.08826
1.08874
1.08921
1.08967
1.09013
1.09058
1.09102
1.09145
1.09187
1.09228
1.09268
1.09306
1.09343
1.09379
1.09413
1.09445
1.09476
1.09504
1.09531
1.09556
1.09578
1.09599
1.09617
1.09633
1.09646
1.09657
1.09666
1.09672
1.09675
1.09676
1.09674
1.09669
1.09661
1.09651
1.09638
1.09622
1.09604
1.09582
1.09558
1.09531
1.09501
1.09469
1.09433
1.09395
1.09355
1.09312
1.09266
1.09218
1.09167
1.09115
1.0906
1.09003
1.08945
1.08884
1.08822
1.08758
1.08693
1.08626
1.08559
1.0849
1.08421
1.08351
1.0828
1.08209
1.08139
1.08068
1.07998
1.07928
1.07858
1.0779
1.07723
1.07657
1.07593
1.07531
1.07471
1.07412
1.07357
1.07303
1.07253
1.07205
1.07161
1.0712
1.07082
1.07048
1.07018
1.06992
1.0697
1.06952
1.06938
1.06928
1.06923
1.06922
1.06926
1.06934
1.06946
1.06963
1.06984
1.07008
1.07037
1.0707
1.07106
1.07145
1.07188
1.07234
1.07282
1.07333
1.07386
1.07441
1.07498
1.07556
1.07614
1.07674
1.07733
1.07793
1.07852
1.07911
1.07969
1.08025
1.0808
1.08133
1.08183
1.08231
1.08277
1.0832
1.08359
1.08395
1.08427
1.08456
1.08481
1.08501
1.08518
1.0853
1.08538
1.08542
1.08541
1.08535
1.08525
1.08511
1.08492
1.08469
1.08442
1.0841
1.08374
1.08334
1.08291
1.08243
1.08192
1.08138
1.08081
1.08021
1.07958
1.07892
1.07824
1.07754
1.07683
1.0761
1.07536
1.07461
1.07386
1.0731
1.07234
1.07159
1.07084
1.07011
1.06938
1.06868
1.06799
1.06732
1.06668
1.06607
1.06549
1.06494
1.06443
1.06396
1.06352
1.06313
1.06279
1.06249
1.06224
1.06204
1.06189
1.06179
1.06175
1.06175
1.06181
1.06193
1.06209
1.06231
1.06258
1.0629
1.06327
1.06368
1.06414
1.06464
1.06519
1.06577
1.06639
1.06704
1.06772
1.06843
1.06916
1.06992
1.07069
1.07147
1.07227
1.07307
1.07387
1.07467
1.07546
1.07625
1.07702
1.07778
1.07852
1.07923
1.07991
1.08057
1.08119
1.08177
1.08231
1.08281
1.08326
1.08367
1.08402
1.08433
1.08458
1.08477
1.0849
1.08498
1.08499
1.08494
1.08483
1.08466
1.08442
1.08412
1.08376
1.08333
1.08284
1.08229
1.08168
1.081
1.08027
1.07948
1.07863
1.07772
1.07676
1.07575
1.0747
1.07359
1.07244
1.07124
1.07001
1.06874
1.06744
1.0661
1.06474
1.06335
1.06194
1.06051
1.05906
1.0576
1.05614
1.05467
1.0532
1.05173
1.05027
1.04882
1.04738
1.04596
1.04456
1.04319
1.04184
1.04053
1.03925
1.03801
1.03681
1.03566
1.03456
1.03351
1.03251
1.03158
1.03071
1.0299
1.02916
1.0285
1.0279
1.02738
1.02694
1.02658
1.0263
1.0261
1.02599
1.02597
1.02604
1.02619
1.02643
1.02676
1.02718
1.02769
1.02829
1.02898
1.02975
1.03062
1.03156
1.0326
1.03371
1.0349
1.03618
1.03752
1.03895
1.04044
1.042
1.04362
1.04531
1.04705
1.04885
1.0507
1.0526
1.05454
1.05652
1.05854
1.06059
1.06267
1.06477
1.06689
1.06903
1.07119
1.07335
1.07552
1.0777
1.07987
1.08204
1.0842
1.08635
1.08849
1.09061
1.0927
1.09478
1.09683
1.09885
1.10085
1.10281
1.10473
1.10662
1.10848
1.11029
1.11206
1.11379
1.11548
1.11712
1.11872
1.12027
1.12177
1.12323
1.12463
1.12599
1.1273
1.12856
1.12978
1.13094
1.13205
1.13312
1.13414
1.1351
1.13602
1.1369
1.13772
1.1385
1.13923
1.13992
1.14056
1.14116
1.14172
1.14223
1.1427
1.14313
1.14352
1.14387
1.14417
1.14445
1.14468
1.14488
1.14504
1.14516
1.14525
1.14531
1.14533
1.14532
1.14528
1.1452
1.14509
1.14496
1.14479
1.1446
1.14437
1.14412
1.14384
1.14353
1.1432
1.14284
1.14246
1.14205
1.14162
1.14117
1.14069
1.14019
1.13967
1.13913
1.13857
1.13799
1.13739
1.13677
1.13614
1.13549
1.13482
1.13414
1.13344
1.13274
1.13202
1.13129
1.13055
1.1298
1.12904
1.12828
1.12751
1.12673
1.12595
1.12517
1.12439
1.12361
1.12283
1.12205
1.12128
1.12051
1.11975
1.119
1.11825
1.11752
1.11679
1.11608
1.11538
1.1147
1.11404
1.11339
1.11276
1.11215
1.11156
1.11099
1.11044
1.10991
1.10941
1.10893
1.10848
1.10805
1.10765
1.10727
1.10692
1.10659
1.10629
1.10602
1.10577
1.10554
1.10534
1.10517
1.10501
1.10488
1.10477
1.10469
1.10462
1.10457
1.10454
1.10453
1.10453
1.10454
1.10457
1.10461
1.10466
1.10471
1.10477
1.10484
1.10491
1.10498
1.10505
1.10512
1.10518
1.10524
1.1053
1.10534
1.10537
1.1054
1.1054
1.1054
1.10538
1.10534
1.10529
1.10522
1.10513
1.10501
1.10488
1.10472
1.10454
1.10434
1.10411
1.10385
1.10358
1.10327
1.10294
1.10259
1.10221
1.1018
1.10137
1.10091
1.10044
1.09994
1.09941
1.09887
1.0983
1.09772
1.09711
1.09649
1.09586
1.0952
1.09454
1.09386
1.09317
1.09248
1.09177
1.09106
1.09034
1.08962
1.0889
1.08818
1.08746
1.08674
1.08603
1.08532
1.08462
1.08393
1.08324
1.08257
1.08191
1.08127
1.08064
1.08002
1.07943
1.07885
1.07829
1.07775
1.07723
1.07673
1.07626
1.07581
1.07538
1.07498
1.0746
1.07426
1.07393
1.07364
1.07337
1.07312
1.07291
1.07272
1.07256
1.07243
1.07233
1.07225
1.0722
1.07218
1.07218
1.07222
1.07228
1.07236
1.07248
1.07261
1.07278
1.07296
1.07317
1.07341
1.07366
1.07394
1.07423
1.07454
1.07487
1.07522
1.07558
1.07595
1.07633
1.07673
1.07713
1.07754
1.07795
1.07837
1.07879
1.07922
1.07964
1.08005
1.08047
1.08087
1.08127
1.08166
1.08204
1.08241
1.08277
1.08311
1.08343
1.08374
1.08403
1.08431
1.08456
1.0848
1.08501
1.0852
1.08537
1.08551
1.08563
1.08573
1.08581
1.08586
1.08589
1.08589
1.08587
1.08582
1.08576
1.08567
1.08555
1.08542
1.08526
1.08509
1.08489
1.08468
1.08445
1.0842
1.08393
1.08365
1.08336
1.08306
1.08274
1.08241
1.08207
1.08173
1.08137
1.08101
1.08065
1.08028
1.07991
1.07954
1.07916
1.07879
1.07842
1.07805
1.07768
1.07732
1.07695
1.0766
1.07625
1.0759
1.07556
1.07522
1.07489
1.07457
1.07425
1.07394
1.07363
1.07333
1.07304
1.07274
1.07245
1.07217
1.07188
1.0716
1.07132
1.07104
1.07076
1.07048
1.0702
1.06992
1.06963
1.06935
1.06906
1.06876
1.06847
1.06816
1.06786
1.06754
1.06722
1.0669
1.06657
1.06624
1.0659
1.06556
1.06521
1.06486
1.06451
1.06415
1.06379
1.06343
1.06308
1.06272
1.06237
1.06202
1.06167
1.06134
1.06101
1.06069
1.06038
1.06008
1.0598
1.05953
1.05928
1.05905
1.05883
1.05864
1.05848
1.05833
1.05822
1.05813
1.05807
1.05804
1.05804
1.05807
1.05814
1.05824
1.05838
1.05855
1.05876
1.05901
1.0593
1.05962
1.05999
1.06039
1.06083
1.06131
1.06183
1.06239
1.06299
1.06362
1.06429
1.065
1.06574
1.06652
1.06733
1.06817
1.06904
1.06994
1.07087
1.07183
1.07281
1.07382
1.07485
1.0759
1.07697
1.07806
1.07916
1.08028
1.08141
1.08255
1.0837
1.08487
1.08603
1.08721
1.08838
1.08956
1.09074
1.09191
1.09309
1.09426
1.09542
1.09658
1.09773
1.09888
1.10001
1.10114
1.10225
1.10335
1.10444
1.10552
1.10659
1.10764
1.10868
1.10971
1.11072
1.11172
1.1127
1.11368
1.11463
1.11558
1.11651
1.11743
1.11833
1.11923
1.12012
1.12099
1.12186
1.12271
1.12356
1.1244
1.12523
1.12606
1.12688
1.12769
1.12851
1.12932
1.13013
1.13094
1.13175
1.13256
1.13336
1.13417
1.13499
1.1358
1.13662
1.13745
1.13827
1.13911
1.13995
1.14079
1.14164
1.14249
1.14335
1.14422
1.1451
1.14597
1.14686
1.14775
1.14865
1.14955
1.15045
1.15136
1.15227
1.15319
1.15411
1.15502
1.15594
1.15686
1.15778
1.15869
1.1596
1.16051
1.16141
1.1623
1.16319
1.16407
1.16494
1.1658
1.16665
1.16749
1.16831
1.16912
1.16991
1.17068
1.17143
1.17217
1.17288
1.17357
1.17424
1.17489
1.17551
1.1761
1.17666
1.1772
1.17771
1.17819
1.17864
1.17906
1.17945
1.1798
1.18012
1.18041
1.18066
1.18088
1.18106
1.18121
1.18132
1.18139
1.18143
1.18143
1.1814
1.18133
1.18122
1.18108
1.1809
1.18069
1.18044
1.18016
1.17985
1.1795
1.17911
1.1787
1.17825
1.17778
1.17727
1.17674
1.17618
1.17559
1.17497
1.17433
1.17367
1.17299
1.17228
1.17155
1.17081
1.17004
1.16926
1.16847
1.16766
1.16683
1.16599
1.16515
1.16429
1.16342
1.16254
1.16166
1.16077
1.15987
1.15897
1.15807
1.15716
1.15625
1.15534
1.15443
1.15352
1.15261
1.15169
1.15078
1.14987
1.14897
1.14806
1.14716
1.14627
1.14537
1.14449
1.1436
1.14273
1.14186
1.141
1.14014
1.13929
1.13845
1.13762
1.1368
1.13599
1.13519
1.1344
1.13362
1.13285
1.13209
1.13135
1.13062
1.1299
1.12919
1.1285
1.12783
1.12717
1.12652
1.12589
1.12528
1.12468
1.12409
1.12353
1.12298
1.12244
1.12192
1.12142
1.12094
1.12047
1.12002
1.11959
1.11917
1.11877
1.11838
1.11801
1.11765
1.11731
1.11698
1.11666
1.11636
1.11607
1.1158
1.11553
1.11528
1.11504
1.11481
1.11459
1.11438
1.11419
1.114
1.11382
1.11365
1.11349
1.11334
1.1132
1.11306
1.11294
1.11283
1.11273
1.11264
1.11256
1.11249
1.11243
1.11239
1.11236
1.11234
1.11234
1.11235
1.11238
1.11242
1.11248
1.11256
1.11266
1.11278
1.11292
1.11308
1.11326
1.11347
1.1137
1.11396
1.11424
1.11455
1.11489
1.11525
1.11564
1.11606
1.11651
1.11699
1.1175
1.11803
1.11859
1.11918
1.1198
1.12045
1.12111
1.12181
1.12253
1.12327
1.12403
1.12482
1.12562
1.12644
1.12728
1.12813
1.12899
1.12986
1.13075
1.13164
1.13253
1.13342
1.13432
1.13521
1.1361
1.13699
1.13786
1.13873
1.13958
1.14042
1.14124
1.14204
1.14283
1.14359
1.14433
1.14504
1.14572
1.14638
1.14701
1.14761
1.14818
1.14872
1.14922
1.14969
1.15012
1.15052
1.15088
1.15121
1.1515
1.15175
1.15197
1.15215
1.1523
1.15241
1.1525
1.15254
1.15256
1.15254
1.1525
1.15242
1.15232
1.15219
1.15204
1.15187
1.15167
1.15146
1.15123
1.15098
1.15071
1.15044
1.15015
1.14985
1.14954
1.14922
1.14889
1.14857
1.14823
1.14789
1.14755
1.1472
1.14685
1.1465
1.14615
1.1458
1.14544
1.14508
1.14472
1.14435
1.14397
1.14359
1.1432
1.14281
1.1424
1.14199
1.14156
1.14112
1.14066
1.14019
1.13971
1.1392
1.13868
1.13813
1.13757
1.13698
1.13637
1.13574
1.13508
1.1344
1.1337
1.13297
1.13222
1.13145
1.13065
1.12983
1.12899
1.12812
1.12724
1.12633
1.12541
1.12446
1.12351
1.12253
1.12155
1.12055
1.11954
1.11852
1.1175
1.11647
1.11543
1.11439
1.11335
1.1123
1.11126
1.11022
1.10919
1.10816
1.10713
1.10611
1.1051
1.10411
1.10312
1.10214
1.10117
1.10022
1.09928
1.09835
1.09744
1.09654
1.09566
1.09479
1.09393
1.09309
1.09227
1.09146
1.09066
1.08988
1.08912
1.08837
1.08763
1.08691
1.0862
1.08551
1.08483
1.08417
1.08352
1.08288
1.08226
1.08165
1.08105
1.08046
1.07988
1.07932
1.07877
1.07823
1.07771
1.07719
1.07669
1.07621
1.07574
1.07528
1.07483
1.0744
1.07399
1.07359
1.07321
1.07285
1.0725
1.07217
1.07186
1.07157
1.0713
1.07105
1.07082
1.07061
1.07042
1.07026
1.07012
1.07
1.0699
1.06983
1.06978
1.06976
1.06976
1.06978
1.06983
1.0699
1.06999
1.0701
1.07024
1.0704
1.07058
1.07078
1.071
1.07124
1.0715
1.07177
1.07206
1.07237
1.07269
1.07302
1.07337
1.07373
1.0741
1.07448
1.07486
1.07525
1.07565
1.07605
1.07645
1.07686
1.07727
1.07767
1.07807
1.07848
1.07887
1.07926
1.07965
1.08003
1.0804
1.08076
1.08111
1.08145
1.08178
1.0821
1.0824
1.08269
1.08296
1.08322
1.08346
1.08368
1.08389
1.08408
1.08425
1.08441
1.08454
1.08466
1.08476
1.08484
1.0849
1.08494
1.08497
1.08498
1.08496
1.08493
1.08488
1.08482
1.08473
1.08463
1.08451
1.08438
1.08423
1.08406
1.08388
1.08368
1.08346
1.08323
1.08299
1.08273
1.08246
1.08217
1.08187
1.08156
1.08123
1.08089
1.08054
1.08017
1.07979
1.0794
1.07899
1.07857
1.07814
1.0777
1.07724
1.07676
1.07628
1.07578
1.07527
1.07475
1.07421
1.07367
1.07311
1.07253
1.07195
1.07135
1.07074
1.07012
1.06949
1.06885
1.06821
1.06755
1.06688
1.0662
1.06552
1.06483
1.06414
1.06343
1.06273
1.06202
1.0613
1.06059
1.05987
1.05915
1.05843
1.0577
1.05698
1.05626
1.05554
1.05482
1.05411
1.0534
1.05269
1.05198
1.05128
1.05058
1.04989
1.0492
1.04852
1.04784
1.04717
1.0465
1.04584
1.04519
1.04454
1.04391
1.04327
1.04265
1.04204
1.04143
1.04083
1.04024
1.03967
1.0391
1.03854
1.038
1.03746
1.03694
1.03644
1.03595
1.03548
1.03502
1.03459
1.03417
1.03378
1.0334
1.03306
1.03273
1.03244
1.03217
1.03193
1.03172
1.03155
1.0314
1.0313
1.03122
1.03119
1.03119
1.03124
1.03132
1.03144
1.03161
1.03182
1.03206
1.03235
1.03269
1.03306
1.03347
1.03393
1.03443
1.03496
1.03553
1.03614
1.03679
1.03747
1.03818
1.03892
1.0397
1.04049
1.04132
1.04216
1.04303
1.04391
1.04481
1.04573
1.04665
1.04759
1.04852
1.04947
1.05041
1.05135
1.05229
1.05322
1.05414
1.05505
1.05595
1.05684
1.0577
1.05856
1.05939
1.0602
1.06098
1.06174
1.06248
1.06319
1.06386
1.06451
1.06513
1.06572
1.06628
1.0668
1.06729
1.06775
1.06817
1.06856
1.06892
1.06924
1.06953
1.06978
1.07
1.07019
1.07035
1.07048
1.07058
1.07065
1.07068
1.07069
1.07068
1.07064
1.07057
1.07048
1.07037
1.07023
1.07008
1.06991
1.06973
1.06953
1.06931
1.06909
1.06885
1.06861
1.06836
1.0681
1.06784
1.06758
1.06732
1.06706
1.06681
1.06656
1.06631
1.06608
1.06585
1.06563
1.06543
1.06524
1.06507
1.06491
1.06478
1.06466
1.06456
1.06449
1.06443
1.0644
1.0644
1.06442
1.06446
1.06454
1.06464
1.06477
1.06492
1.06511
1.06532
1.06556
1.06583
1.06613
1.06645
1.06681
1.06719
1.0676
1.06804
1.0685
1.06899
1.06951
1.07005
1.07061
1.07119
1.0718
1.07243
1.07308
1.07374
1.07443
1.07513
1.07584
1.07657
1.07732
1.07807
1.07884
1.07961
1.08039
1.08118
1.08198
1.08278
1.08359
1.08439
1.0852
1.08601
1.08682
1.08763
1.08843
1.08923
1.09003
1.09082
1.09161
1.09239
1.09316
1.09393
1.09469
1.09544
1.09618
1.09691
1.09763
1.09835
1.09905
1.09975
1.10043
1.10111
1.10177
1.10243
1.10307
1.10371
1.10434
1.10496
1.10557
1.10618
1.10678
1.10737
1.10796
1.10854
1.10912
1.1097
1.11027
1.11085
1.11142
1.11199
1.11257
1.11314
1.11372
1.1143
1.11489
1.11548
1.11608
1.11668
1.11729
1.11791
1.11854
1.11918
1.11982
1.12048
1.12114
1.12182
1.1225
1.1232
1.1239
1.12462
1.12535
1.12609
1.12684
1.1276
1.12837
1.12915
1.12994
1.13073
1.13154
1.13235
1.13317
1.134
1.13483
1.13566
1.1365
1.13735
1.13819
1.13904
1.13989
1.14074
1.14159
1.14244
1.14329
1.14413
1.14497
1.14581
1.14664
1.14746
1.14828
1.14909
1.1499
1.15069
1.15148
1.15225
1.15302
1.15378
1.15452
1.15525
1.15597
1.15668
1.15738
1.15806
1.15873
1.15938
1.16002
1.16064
1.16125
1.16183
1.1624
1.16295
1.16349
1.164
1.16449
1.16496
1.16541
1.16584
1.16624
1.16662
1.16697
1.1673
1.1676
1.16787
1.16812
1.16833
1.16852
1.16868
1.16881
1.1689
1.16896
1.16899
1.16898
1.16894
1.16887
1.16876
1.16861
1.16843
1.16821
1.16795
1.16765
1.16732
1.16695
1.16654
1.1661
1.16562
1.1651
1.16455
1.16395
1.16333
1.16266
1.16196
1.16123
1.16046
1.15965
1.15882
1.15795
1.15705
1.15612
1.15516
1.15417
1.15315
1.1521
1.15103
1.14993
1.1488
1.14766
1.14649
1.1453
1.14409
1.14286
1.14161
1.14034
1.13905
1.13775
1.13643
1.1351
1.13376
1.1324
1.13103
1.12965
1.12827
1.12687
1.12547
1.12406
1.12264
1.12122
1.1198
1.11837
1.11695
1.11552
1.1141
1.11268
1.11126
1.10985
1.10845
1.10706
1.10568
1.10432
1.10297
1.10165
1.10034
1.09905
1.09779
1.09656
1.09536
1.0942
1.09306
1.09197
1.09092
1.08991
1.08895
1.08803
1.08717
1.08636
1.08561
1.08491
1.08427
1.08369
1.08318
1.08272
1.08233
1.08201
1.08175
1.08156
1.08143
1.08136
1.08136
1.08142
1.08154
1.08172
1.08195
1.08224
1.08257
1.08296
1.08339
1.08386
1.08437
1.08492
1.08549
1.0861
1.08672
1.08737
1.08803
1.08871
1.08939
1.09008
1.09077
1.09146
1.09215
1.09282
1.09349
1.09414
1.09477
1.09538
1.09597
1.09654
1.09707
1.09759
1.09807
1.09852
1.09893
1.09932
1.09966
1.09997
1.10025
1.10048
1.10068
1.10083
1.10095
1.10102
1.10106
1.10105
1.101
1.10092
1.10079
1.10062
1.10041
1.10016
1.09987
1.09954
1.09917
1.09876
1.09832
1.09783
1.09731
1.09676
1.09617
1.09555
1.0949
1.09421
1.0935
1.09275
1.09198
1.09119
1.09036
1.08952
1.08866
1.08777
1.08687
1.08596
1.08503
1.08409
1.08314
1.08219
1.08123
1.08026
1.0793
1.07834
1.07738
1.07643
1.07548
1.07455
1.07363
1.07272
1.07183
1.07096
1.07011
1.06928
1.06848
1.0677
1.06695
1.06622
1.06553
1.06486
1.06423
1.06363
1.06306
1.06253
1.06203
1.06156
1.06113
1.06074
1.06038
1.06005
1.05976
1.05951
1.05929
1.0591
1.05895
1.05884
1.05875
1.0587
1.05868
1.0587
1.05874
1.05881
1.05892
1.05905
1.05921
1.0594
1.05961
1.05985
1.06012
1.06041
1.06073
1.06107
1.06144
1.06183
1.06224
1.06267
1.06313
1.06361
1.06411
1.06463
1.06517
1.06573
1.06631
1.06691
1.06754
1.06818
1.06884
1.06953
1.07023
1.07095
1.07169
1.07246
1.07324
1.07404
1.07486
1.0757
1.07656
1.07745
1.07835
1.07927
1.08022
1.08118
1.08216
1.08317
1.08419
1.08523
1.08629
1.08737
1.08847
1.08959
1.09073
1.09188
1.09305
1.09424
1.09544
1.09665
1.09789
1.09913
1.10038
1.10165
1.10292
1.10421
1.1055
1.1068
1.1081
1.10941
1.11072
1.11203
1.11334
1.11465
1.11596
1.11727
1.11857
1.11986
1.12115
1.12243
1.1237
1.12496
1.1262
1.12744
1.12866
1.12987
1.13106
1.13223
1.13339
1.13453
1.13565
1.13675
1.13783
1.1389
1.13994
1.14096
1.14196
1.14294
1.14389
1.14483
1.14574
1.14663
1.1475
1.14834
1.14917
1.14997
1.15075
1.15151
1.15225
1.15297
1.15367
1.15434
1.155
1.15563
1.15625
1.15684
1.15742
1.15798
1.15852
1.15904
1.15954
1.16002
1.16049
1.16094
1.16137
1.16179
1.16218
1.16256
1.16292
1.16327
1.1636
1.16391
1.16421
1.16448
1.16475
1.16499
1.16522
1.16544
1.16564
1.16582
1.16598
