1
1
1
1
1
1
1
1
1
1
1
1
1
1
1
1
1
1
1
1.00001
1.00001
1.00001
1.00001
1.00001
1.00001
1.00001
1.00001
1.00001
1.00001
1.00001
1.00001
1.00001
1.00002
1.00002
1.00002
1.00002
1.00002
1.00002
1.00002
1.00002
1.00002
1.00003
1.00003
1.00003
1.00003
1.00003
1.00003
1.00003
1.00004
1.00004
1.00004
1.00004
1.00004
1.00004
1.00004
1.00005
1.00005
1.00005
1.00005
1.00005
1.00006
1.00006
1.00006
1.00006
1.00006
1.00006
1.00007
1.00007
1.00007
1.00007
1.00008
1.00008
1.00008
1.00008
1.00008
1.00009
1.00009
1.00009
1.00009
1.0001
1.0001
1.0001
1.0001
1.00011
1.00011
1.00011
1.00011
1.00012
1.00012
1.00012
1.00013
1.00013
1.00013
1.00013
1.00014
1.00014
1.00014
1.00015
1.00015
1.00015
1.00016
1.00016
1.00016
1.00017
1.00017
1.00017
1.00017
1.00018
1.00018
1.00019
1.00019
1.00019
1.0002
1.0002
1.0002
1.00021
1.00021
1.00021
1.00022
1.00022
1.00022
1.00023
1.00023
1.00024
1.00024
1.00024
1.00025
1.00025
1.00026
1.00026
1.00026
1.00027
1.00027
1.00028
1.00028
1.00029
1.00029
1.00029
1.0003
1.0003
1.00031
1.00031
1.00032
1.00032
1.00033
1.00033
1.00033
1.00034
1.00034
1.00035
1.00035
1.00036
1.00036
1.00037
1.00037
1.00038
1.00038
1.00039
1.00039
1.0004
1.0004
1.00041
1.00041
1.00042
1.00042
1.00043
1.00044
1.00044
1.00045
1.00045
1.00046
1.00046
1.00047
1.00047
1.00048
1.00048
1.00049
1.0005
1.0005
1.00051
1.00051
1.00052
1.00053
1.00053
1.00054
1.00054
1.00055
1.00056
1.00056
1.00057
1.00057
1.00058
1.00059
1.00059
1.0006
1.00061
1.00061
1.00062
1.00063
1.00063
1.00064
1.00064
1.00065
1.00066
1.00066
1.00067
1.00068
1.00069
1.00069
1.0007
1.00071
1.00071
1.00072
1.00073
1.00073
1.00074
1.00075
1.00076
1.00076
1.00077
1.00078
1.00078
1.00079
1.0008
1.00081
1.00081
1.00082
1.00083
1.00084
1.00085
1.00085
1.00086
1.00087
1.00088
1.00088
1.00089
1.0009
1.00091
1.00092
1.00092
1.00093
1.00094
1.00095
1.00096
1.00096
1.00097
1.00098
1.00099
1.001
1.00101
1.00102
1.00102
1.00103
1.00104
1.00105
1.00106
1.00107
1.00108
1.00108
1.00109
1.0011
1.00111
1.00112
1.00113
1.00114
1.00115
1.00116
1.00117
1.00117
1.00118
1.00119
1.0012
1.00121
1.00122
1.00123
1.00124
1.00125
1.00126
1.00127
1.00128
1.00129
1.0013
1.00131
1.00132
1.00133
1.00134
1.00135
1.00136
1.00137
1.00138
1.00139
1.0014
1.00141
1.00142
1.00143
1.00144
1.00145
1.00146
1.00147
1.00148
1.00149
1.0015
1.00151
1.00152
1.00153
1.00154
1.00155
1.00157
1.00158
1.00159
1.0016
1.00161
1.00162
1.00163
1.00164
1.00165
1.00167
1.00168
1.00169
1.0017
1.00171
1.00172
1.00173
1.00174
1.00176
1.00177
1.00178
1.00179
1.0018
1.00181
1.00183
1.00184
1.00185
1.00186
1.00187
1.00189
1.0019
1.00191
1.00192
1.00194
1.00195
1.00196
1.00197
1.00198
1.002
1.00201
1.00202
1.00203
1.00205
1.00206
1.00207
1.00209
1.0021
1.00211
1.00212
1.00214
1.00215
1.00216
1.00218
1.00219
1.0022
1.00222
1.00223
1.00224
1.00226
1.00227
1.00228
1.0023
1.00231
1.00232
1.00234
1.00235
1.00236
1.00238
1.00239
1.00241
1.00242
1.00243
1.00245
1.00246
1.00248
1.00249
1.00251
1.00252
1.00253
1.00255
1.00256
1.00258
1.00259
1.00261
1.00262
1.00264
1.00265
1.00267
1.00268
1.0027
1.00271
1.00273
1.00274
1.00276
1.00277
1.00279
1.0028
1.00282
1.00283
1.00285
1.00286
1.00288
1.00289
1.00291
1.00293
1.00294
1.00296
1.00297
1.00299
1.003
1.00302
1.00304
1.00305
1.00307
1.00309
1.0031
1.00312
1.00313
1.00315
1.00317
1.00318
1.0032
1.00322
1.00323
1.00325
1.00327
1.00328
1.0033
1.00332
1.00334
1.00335
1.00337
1.00339
1.0034
1.00342
1.00344
1.00346
1.00347
1.00349
1.00351
1.00353
1.00354
1.00356
1.00358
1.0036
1.00362
1.00363
1.00365
1.00367
1.00369
1.00371
1.00373
1.00374
1.00376
1.00378
1.0038
1.00382
1.00384
1.00385
1.00387
1.00389
1.00391
1.00393
1.00395
1.00397
1.00399
1.00401
1.00403
1.00405
1.00406
1.00408
1.0041
1.00412
1.00414
1.00416
1.00418
1.0042
1.00422
1.00424
1.00426
1.00428
1.0043
1.00432
1.00434
1.00436
1.00438
1.0044
1.00442
1.00444
1.00447
1.00449
1.00451
1.00453
1.00455
1.00457
1.00459
1.00461
1.00463
1.00465
1.00468
1.0047
1.00472
1.00474
1.00476
1.00478
1.0048
1.00483
1.00485
1.00487
1.00489
1.00491
1.00494
1.00496
1.00498
1.005
1.00503
1.00505
1.00507
1.00509
1.00512
1.00514
1.00516
1.00518
1.00521
1.00523
1.00525
1.00528
1.0053
1.00532
1.00535
1.00537
1.00539
1.00542
1.00544
1.00546
1.00549
1.00551
1.00553
1.00556
1.00558
1.00561
1.00563
1.00566
1.00568
1.0057
1.00573
1.00575
1.00578
1.0058
1.00583
1.00585
1.00588
1.0059
1.00593
1.00595
1.00598
1.006
1.00603
1.00605
1.00608
1.00611
1.00613
1.00616
1.00618
1.00621
1.00624
1.00626
1.00629
1.00631
1.00634
1.00637
1.00639
1.00642
1.00645
1.00647
1.0065
1.00653
1.00655
1.00658
1.00661
1.00664
1.00666
1.00669
1.00672
1.00675
1.00677
1.0068
1.00683
1.00686
1.00689
1.00691
1.00694
1.00697
1.007
1.00703
1.00706
1.00708
1.00711
1.00714
1.00717
1.0072
1.00723
1.00726
1.00729
1.00732
1.00735
1.00738
1.0074
1.00743
1.00746
1.00749
1.00752
1.00755
1.00758
1.00761
1.00764
1.00768
1.00771
1.00774
1.00777
1.0078
1.00783
1.00786
1.00789
1.00792
1.00795
1.00798
1.00802
1.00805
1.00808
1.00811
1.00814
1.00817
1.00821
1.00824
1.00827
1.0083
1.00834
1.00837
1.0084
1.00843
1.00847
1.0085
1.00853
1.00857
1.0086
1.00863
1.00867
1.0087
1.00873
1.00877
1.0088
1.00883
1.00887
1.0089
1.00894
1.00897
1.00901
1.00904
1.00907
1.00911
1.00914
1.00918
1.00921
1.00925
1.00928
1.00932
1.00936
1.00939
1.00943
1.00946
1.0095
1.00953
1.00957
1.00961
1.00964
1.00968
1.00972
1.00975
1.00979
1.00983
1.00986
1.0099
1.00994
1.00998
1.01001
1.01005
1.01009
1.01013
1.01016
1.0102
1.01024
1.01028
1.01032
1.01036
1.01039
1.01043
1.01047
1.01051
1.01055
1.01059
1.01063
1.01067
1.01071
1.01075
1.01079
1.01083
1.01087
1.01091
1.01095
1.01099
1.01103
1.01107
1.01111
1.01115
1.01119
1.01123
1.01127
1.01132
1.01136
1.0114
1.01144
1.01148
1.01152
1.01157
1.01161
1.01165
1.01169
1.01174
1.01178
1.01182
1.01187
1.01191
1.01195
1.012
1.01204
1.01208
1.01213
1.01217
1.01221
1.01226
1.0123
1.01235
1.01239
1.01244
1.01248
1.01253
1.01257
1.01262
1.01266
1.01271
1.01276
1.0128
1.01285
1.01289
1.01294
1.01299
1.01303
1.01308
1.01313
1.01317
1.01322
1.01327
1.01332
1.01336
1.01341
1.01346
1.01351
1.01356
1.0136
1.01365
1.0137
1.01375
1.0138
1.01385
1.0139
1.01395
1.014
1.01405
1.0141
1.01415
1.0142
1.01425
1.0143
1.01435
1.0144
1.01445
1.0145
1.01455
1.0146
1.01465
1.01471
1.01476
1.01481
1.01486
1.01492
1.01497
1.01502
1.01507
1.01513
1.01518
1.01523
1.01529
1.01534
1.01539
1.01545
1.0155
1.01556
1.01561
1.01567
1.01572
1.01578
1.01583
1.01589
1.01594
1.016
1.01605
1.01611
1.01616
1.01622
1.01628
1.01633
1.01639
1.01645
1.01651
1.01656
1.01662
1.01668
1.01674
1.01679
1.01685
1.01691
1.01697
1.01703
1.01709
1.01715
1.01721
1.01726
1.01732
1.01738
1.01744
1.0175
1.01756
1.01763
1.01769
1.01775
1.01781
1.01787
1.01793
1.01799
1.01805
1.01812
1.01818
1.01824
1.0183
1.01837
1.01843
1.01849
1.01856
1.01862
1.01868
1.01875
1.01881
1.01888
1.01894
1.01901
1.01907
1.01914
1.0192
1.01927
1.01933
1.0194
1.01947
1.01953
1.0196
1.01966
1.01973
1.0198
1.01987
1.01993
1.02
1.02007
1.02014
1.02021
1.02028
1.02034
1.02041
1.02048
1.02055
1.02062
1.02069
1.02076
1.02083
1.0209
1.02097
1.02104
1.02112
1.02119
1.02126
1.02133
1.0214
1.02147
1.02155
1.02162
1.02169
1.02177
1.02184
1.02191
1.02199
1.02206
1.02213
1.02221
1.02228
1.02236
1.02243
1.02251
1.02259
1.02266
1.02274
1.02281
1.02289
1.02297
1.02304
1.02312
1.0232
1.02328
1.02335
1.02343
1.02351
1.02359
1.02367
1.02375
1.02383
1.02391
1.02399
1.02407
1.02415
1.02423
1.02431
1.02439
1.02447
1.02455
1.02463
1.02472
1.0248
1.02488
1.02496
1.02505
1.02513
1.02521
1.0253
1.02538
1.02547
1.02555
1.02564
1.02572
1.02581
1.02589
1.02598
1.02606
1.02615
1.02624
1.02633
1.02641
1.0265
1.02659
1.02668
1.02676
1.02685
1.02694
1.02703
1.02712
1.02721
1.0273
1.02739
1.02748
1.02757
1.02766
1.02775
1.02785
1.02794
1.02803
1.02812
1.02821
1.02831
1.0284
1.02849
1.02859
1.02868
1.02878
1.02887
1.02897
1.02906
1.02916
1.02925
1.02935
1.02945
1.02954
1.02964
1.02974
1.02984
1.02993
1.03003
1.03013
1.03023
1.03033
1.03043
1.03053
1.03063
1.03073
1.03083
1.03093
1.03103
1.03113
1.03124
1.03134
1.03144
1.03154
1.03165
1.03175
1.03185
1.03196
1.03206
1.03217
1.03227
1.03238
1.03248
1.03259
1.0327
1.0328
1.03291
1.03302
1.03313
1.03323
1.03334
1.03345
1.03356
1.03367
1.03378
1.03389
1.034
1.03411
1.03422
1.03433
1.03444
1.03456
1.03467
1.03478
1.0349
1.03501
1.03512
1.03524
1.03535
1.03547
1.03558
1.0357
1.03581
1.03593
1.03605
1.03616
1.03628
1.0364
1.03652
1.03664
1.03676
1.03687
1.03699
1.03711
1.03724
1.03736
1.03748
1.0376
1.03772
1.03784
1.03797
1.03809
1.03821
1.03834
1.03846
1.03858
1.03871
1.03884
1.03896
1.03909
1.03921
1.03934
1.03947
1.0396
1.03972
1.03985
1.03998
1.04011
1.04024
1.04037
1.0405
1.04063
1.04076
1.0409
1.04103
1.04116
1.04129
1.04143
1.04156
1.04169
1.04183
1.04196
1.0421
1.04224
1.04237
1.04251
1.04265
1.04278
1.04292
1.04306
1.0432
1.04334
1.04348
1.04362
1.04376
1.0439
1.04404
1.04418
1.04433
1.04447
1.04461
1.04476
1.0449
1.04504
1.04519
1.04533
1.04548
1.04563
1.04577
1.04592
1.04607
1.04622
1.04637
1.04651
1.04666
1.04681
1.04696
1.04712
1.04727
1.04742
1.04757
1.04772
1.04788
1.04803
1.04818
1.04834
1.04849
1.04865
1.04881
1.04896
1.04912
1.04928
1.04943
1.04959
1.04975
1.04991
1.05007
1.05023
1.05039
1.05055
1.05071
1.05088
1.05104
1.0512
1.05137
1.05153
1.0517
1.05186
1.05203
1.05219
1.05236
1.05253
1.05269
1.05286
1.05303
1.0532
1.05337
1.05354
1.05371
1.05388
1.05405
1.05422
1.05439
1.05457
1.05474
1.05491
1.05509
1.05526
1.05544
1.05561
1.05579
1.05597
1.05614
1.05632
1.0565
1.05668
1.05686
1.05704
1.05722
1.0574
1.05758
1.05776
1.05794
1.05812
1.0583
1.05849
1.05867
1.05886
1.05904
1.05922
1.05941
1.0596
1.05978
1.05997
1.06016
1.06034
1.06053
1.06072
1.06091
1.0611
1.06129
1.06148
1.06167
1.06186
1.06205
1.06224
1.06244
1.06263
1.06282
1.06301
1.06321
1.0634
1.0636
1.06379
1.06399
1.06418
1.06438
1.06457
1.06477
1.06497
1.06516
1.06536
1.06556
1.06576
1.06596
1.06615
1.06635
1.06655
1.06675
1.06695
1.06715
1.06735
1.06755
1.06775
1.06795
1.06815
1.06835
1.06856
1.06876
1.06896
1.06916
1.06936
1.06956
1.06977
1.06997
1.07017
1.07037
1.07057
1.07078
1.07098
1.07118
1.07138
1.07158
1.07179
1.07199
1.07219
1.07239
1.07259
1.07279
1.073
1.0732
1.0734
1.0736
1.0738
1.074
1.0742
1.0744
1.0746
1.0748
1.07499
1.07519
1.07539
1.07559
1.07578
1.07598
1.07617
1.07637
1.07656
1.07676
1.07695
1.07714
1.07733
1.07752
1.07771
1.0779
1.07809
1.07828
1.07847
1.07865
1.07884
1.07902
1.0792
1.07938
1.07956
1.07974
1.07992
1.0801
1.08027
1.08045
1.08062
1.08079
1.08096
1.08113
1.0813
1.08146
1.08163
1.08179
1.08195
1.08211
1.08227
1.08242
1.08257
1.08273
1.08288
1.08302
1.08317
1.08331
1.08345
1.08359
1.08373
1.08387
1.084
1.08413
1.08426
1.08438
1.08451
1.08463
1.08475
1.08486
1.08498
1.08509
1.0852
1.0853
1.08541
1.08551
1.08561
1.0857
1.08579
1.08588
1.08597
1.08605
1.08614
1.08621
1.08629
1.08636
1.08643
1.0865
1.08657
1.08663
1.08669
1.08674
1.0868
1.08685
1.0869
1.08694
1.08699
1.08703
1.08707
1.0871
1.08713
1.08717
1.08719
1.08722
1.08724
1.08727
1.08729
1.0873
1.08732
1.08733
1.08734
1.08735
1.08736
1.08737
1.08738
1.08738
1.08739
1.08739
1.08739
1.08739
1.08739
1.08739
1.08739
1.08739
1.08739
1.08738
1.08738
1.08738
1.08738
1.08738
1.08738
1.08738
1.08738
1.08738
1.08738
1.08739
1.08739
1.0874
1.08741
1.08742
1.08743
1.08744
1.08745
1.08747
1.08749
1.08751
1.08753
1.08755
1.08758
1.08761
1.08764
1.08767
1.08771
1.08774
1.08778
1.08782
1.08787
1.08791
1.08796
1.08801
1.08806
1.08811
1.08817
1.08822
1.08828
1.08834
1.0884
1.08847
1.08853
1.0886
1.08866
1.08873
1.0888
1.08886
1.08893
1.089
1.08907
1.08914
1.08921
1.08928
1.08934
1.08941
1.08948
1.08954
1.08961
1.08967
1.08973
1.08979
1.08985
1.08991
1.08996
1.09001
1.09006
1.09011
1.09016
1.0902
1.09025
1.09029
1.09032
1.09036
1.09039
1.09042
1.09044
1.09047
1.09049
1.09051
1.09053
1.09054
1.09055
1.09056
1.09057
1.09058
1.09058
1.09058
1.09059
1.09058
1.09058
1.09058
1.09058
1.09057
1.09057
1.09057
1.09056
1.09056
1.09056
1.09055
1.09055
1.09056
1.09056
1.09056
1.09057
1.09058
1.0906
1.09061
1.09064
1.09066
1.09069
1.09073
1.09077
1.09081
1.09086
1.09092
1.09099
1.09106
1.09114
1.09122
1.09132
1.09142
1.09153
1.09165
1.09177
1.09191
1.09205
1.09221
1.09237
1.09255
1.09273
1.09293
1.09313
1.09334
1.09357
1.0938
1.09405
1.09431
1.09457
1.09485
1.09514
1.09543
1.09574
1.09606
1.09639
1.09672
1.09707
1.09743
1.0978
1.09817
1.09856
1.09895
1.09935
1.09976
1.10018
1.1006
1.10104
1.10148
1.10192
1.10238
1.10284
1.1033
1.10377
1.10425
1.10473
1.10521
1.1057
1.10619
1.10669
1.10719
1.10769
1.10819
1.1087
1.10921
1.10972
1.11022
1.11074
1.11125
1.11176
1.11227
1.11278
1.11329
1.1138
1.1143
1.11481
1.11531
1.11582
1.11632
1.11681
1.11731
1.1178
1.11829
1.11878
1.11926
1.11974
1.12022
1.12069
1.12116
1.12162
1.12208
1.12254
1.12299
1.12344
1.12389
1.12433
1.12476
1.12519
1.12562
1.12604
1.12646
1.12687
1.12728
1.12769
1.12809
1.12849
1.12888
1.12927
1.12965
1.13003
1.13041
1.13078
1.13115
1.13151
1.13187
1.13223
1.13258
1.13293
1.13328
1.13362
1.13396
1.13429
1.13462
1.13495
1.13528
1.1356
1.13592
1.13624
1.13656
1.13687
1.13718
1.13749
1.13779
1.1381
1.1384
1.1387
1.13899
1.13929
1.13958
1.13988
1.14017
1.14046
1.14074
1.14103
1.14131
1.1416
1.14188
1.14216
1.14244
1.14272
1.143
1.14328
1.14356
1.14384
1.14411
1.14439
1.14466
1.14494
1.14521
1.14548
1.14576
1.14603
1.1463
1.14658
1.14685
1.14712
1.14739
1.14766
1.14793
1.14821
1.14848
1.14875
1.14902
1.14929
1.14956
1.14983
1.15009
1.15036
1.15063
1.1509
1.15117
1.15144
1.1517
1.15197
1.15224
1.1525
1.15277
1.15303
1.1533
1.15356
1.15382
1.15408
1.15435
1.15461
1.15487
1.15512
1.15538
1.15564
1.15589
1.15615
1.1564
1.15665
1.1569
1.15715
1.1574
1.15764
1.15789
1.15813
1.15837
1.15861
1.15885
1.15908
1.15931
1.15955
1.15977
1.16
1.16022
1.16045
1.16067
1.16088
1.1611
1.16131
1.16152
1.16172
1.16193
1.16213
1.16232
1.16252
1.16271
1.1629
1.16308
1.16326
1.16344
1.16361
1.16378
1.16395
1.16411
1.16427
1.16443
1.16458
1.16473
1.16487
1.16501
1.16514
1.16527
1.1654
1.16552
1.16564
1.16575
1.16586
1.16596
1.16606
1.16615
1.16624
1.16633
1.1664
1.16648
1.16654
1.16661
1.16667
1.16672
1.16676
1.1668
1.16684
1.16687
1.16689
1.16691
1.16692
1.16693
1.16693
1.16693
1.16692
1.1669
1.16687
1.16684
1.16681
1.16677
1.16672
1.16666
1.1666
1.16653
1.16646
1.16638
1.16629
1.1662
1.1661
1.16599
1.16587
1.16575
1.16562
1.16549
1.16535
1.1652
1.16505
1.16489
1.16472
1.16454
1.16436
1.16417
1.16397
1.16377
1.16356
1.16335
1.16312
1.1629
1.16266
1.16242
1.16217
1.16191
1.16165
1.16138
1.1611
1.16082
1.16053
1.16024
1.15994
1.15963
1.15932
1.159
1.15868
1.15835
1.15801
1.15767
1.15732
1.15697
1.15661
1.15625
1.15588
1.15551
1.15513
1.15475
1.15436
1.15397
1.15357
1.15317
1.15277
1.15236
1.15195
1.15154
1.15112
1.1507
1.15028
1.14985
1.14942
1.14899
1.14856
1.14812
1.14769
1.14725
1.14681
1.14636
1.14592
1.14548
1.14503
1.14459
1.14415
1.1437
1.14326
1.14281
1.14237
1.14193
1.14149
1.14105
1.14061
1.14017
1.13974
1.13931
1.13888
1.13845
1.13803
1.1376
1.13719
1.13677
1.13636
1.13596
1.13556
1.13516
1.13477
1.13438
1.134
1.13362
1.13325
1.13288
1.13253
1.13217
1.13183
1.13149
1.13116
1.13083
1.13052
1.13021
1.1299
1.12961
1.12933
1.12905
1.12878
1.12852
1.12828
1.12804
1.12781
1.12759
1.12738
1.12718
1.12699
1.12681
1.12664
1.12648
1.12634
1.1262
1.12608
1.12597
1.12587
1.12578
1.12571
1.12565
1.1256
1.12556
1.12554
1.12552
1.12553
1.12554
1.12557
1.12561
1.12566
1.12573
1.12581
1.12591
1.12601
1.12614
1.12627
1.12642
1.12658
1.12676
1.12695
1.12716
1.12737
1.1276
1.12785
1.12811
1.12838
1.12866
1.12896
1.12927
1.1296
1.12993
1.13028
1.13065
1.13102
1.13141
1.13181
1.13222
1.13265
1.13308
1.13353
1.13399
1.13445
1.13493
1.13543
1.13593
1.13644
1.13696
1.13749
1.13803
1.13858
1.13914
1.1397
1.14028
1.14086
1.14145
1.14205
1.14266
1.14327
1.14389
1.14451
1.14514
1.14578
1.14642
1.14707
1.14772
1.14838
1.14904
1.14971
1.15038
1.15105
1.15172
1.1524
1.15308
1.15376
1.15444
1.15513
1.15581
1.1565
1.15718
1.15787
1.15856
1.15924
1.15992
1.16061
1.16129
1.16197
1.16264
1.16332
1.16399
1.16465
1.16532
1.16598
1.16663
1.16728
1.16793
1.16857
1.1692
1.16983
1.17045
1.17106
1.17167
1.17227
1.17286
1.17345
1.17402
1.17459
1.17515
1.17569
1.17623
1.17676
1.17728
1.17778
1.17828
1.17876
1.17924
1.1797
1.18014
1.18058
1.181
1.18141
1.1818
1.18218
1.18255
1.1829
1.18323
1.18355
1.18386
1.18415
1.18442
1.18467
1.18491
1.18514
1.18534
1.18553
1.18569
1.18584
1.18598
1.18609
1.18618
1.18626
1.18631
1.18635
1.18636
1.18636
1.18634
1.18629
1.18623
1.18615
1.18604
1.18592
1.18577
1.18561
1.18543
1.18522
1.185
1.18476
1.18449
1.18421
1.18391
1.1836
1.18326
1.18291
1.18255
1.18216
1.18177
1.18135
1.18093
1.18049
1.18005
1.17959
1.17912
1.17865
1.17816
1.17768
1.17718
1.17669
1.1762
1.1757
1.17521
1.17472
1.17424
1.17376
1.17329
1.17283
1.17238
1.17195
1.17153
1.17113
1.17074
1.17038
1.17003
1.16971
1.16942
1.16914
1.1689
1.16868
1.16849
1.16833
1.1682
1.1681
1.16804
1.168
1.168
1.16802
1.16808
1.16818
1.1683
1.16846
1.16864
1.16886
1.1691
1.16938
1.16968
1.17
1.17036
1.17073
1.17113
1.17155
1.172
1.17245
1.17293
1.17342
1.17393
1.17444
1.17497
1.17551
1.17606
1.17661
1.17716
1.17772
1.17828
1.17884
1.1794
1.17996
1.18052
1.18107
1.18161
1.18215
1.18268
1.18321
1.18372
1.18423
1.18472
1.1852
1.18567
1.18613
1.18657
1.18701
1.18742
1.18783
1.18822
1.18859
1.18895
1.1893
1.18963
1.18995
1.19025
1.19054
1.19081
1.19107
1.19131
1.19154
1.19175
1.19195
1.19214
1.19231
1.19247
1.19261
1.19275
1.19286
1.19297
1.19306
1.19314
1.19321
1.19327
1.19331
1.19335
1.19337
1.19338
1.19338
1.19337
1.19335
1.19332
1.19328
1.19323
1.19318
1.19311
1.19304
1.19295
1.19286
1.19276
1.19265
1.19254
1.19241
1.19228
1.19214
1.192
1.19185
1.19169
1.19153
1.19135
1.19118
1.19099
1.19081
1.19061
1.19041
1.1902
1.18999
1.18978
1.18956
1.18933
1.1891
1.18886
1.18862
1.18838
1.18813
1.18787
1.18761
1.18735
1.18708
1.18681
1.18654
1.18626
1.18598
1.18569
1.1854
1.18511
1.18481
1.18451
1.18421
1.1839
1.1836
1.18328
1.18297
1.18265
1.18233
1.18201
1.18168
1.18135
1.18102
1.18069
1.18035
1.18002
1.17968
1.17934
1.179
1.17865
1.17831
1.17796
1.17761
1.17726
1.17691
1.17656
1.17621
1.17586
1.17551
1.17515
1.1748
1.17445
1.1741
1.17375
1.1734
1.17305
1.1727
1.17235
1.17201
1.17166
1.17132
1.17099
1.17065
1.17032
1.16999
1.16966
1.16934
1.16903
1.16871
1.16841
1.16811
1.16781
1.16752
1.16723
1.16696
1.16669
1.16643
1.16617
1.16592
1.16569
1.16546
1.16524
1.16503
1.16483
1.16464
1.16446
1.16429
1.16414
1.16399
1.16386
1.16374
1.16363
1.16354
1.16345
1.16339
1.16333
1.16329
1.16326
1.16325
1.16325
1.16326
1.16329
1.16333
1.16338
1.16345
1.16353
1.16363
1.16374
1.16386
1.16399
1.16414
1.1643
1.16447
1.16466
1.16485
1.16506
1.16528
1.16551
1.16574
1.16599
1.16625
1.16651
1.16678
1.16706
1.16735
1.16764
1.16794
1.16825
1.16856
1.16887
1.16919
1.16951
1.16983
1.17016
1.17048
1.17081
1.17114
1.17147
1.1718
1.17213
1.17245
1.17278
1.1731
1.17342
1.17374
1.17406
1.17437
1.17468
1.17498
1.17528
1.17557
1.17586
1.17614
1.17642
1.1767
1.17696
1.17722
1.17748
1.17772
1.17797
1.1782
1.17843
1.17865
1.17886
1.17907
1.17927
1.17946
1.17965
1.17983
1.18
1.18017
1.18032
1.18048
1.18062
1.18076
1.18089
1.18101
1.18113
1.18124
1.18134
1.18144
1.18153
1.18161
1.18169
1.18177
1.18183
1.18189
1.18195
1.182
1.18204
1.18208
1.18211
1.18214
1.18217
1.18219
1.1822
1.18221
1.18222
1.18222
1.18221
1.18221
1.1822
1.18218
1.18216
1.18214
1.18211
1.18209
1.18205
1.18202
1.18198
1.18194
1.1819
1.18185
1.1818
1.18175
1.1817
1.18164
1.18159
1.18153
1.18146
1.1814
1.18133
1.18127
1.1812
1.18113
1.18106
1.18098
1.18091
1.18083
1.18075
1.18067
1.18059
1.18051
1.18042
1.18034
1.18025
1.18017
1.18008
1.17999
1.1799
1.17981
1.17972
1.17962
1.17953
1.17943
1.17934
1.17924
1.17914
1.17904
1.17894
1.17884
1.17874
1.17864
1.17853
1.17843
1.17832
1.17821
1.1781
1.178
1.17789
1.17777
1.17766
1.17755
1.17744
1.17732
1.17721
1.17709
1.17697
1.17685
1.17673
1.17661
1.17649
1.17637
1.17625
1.17613
1.176
1.17588
1.17575
1.17563
1.1755
1.17537
1.17525
1.17512
1.17499
1.17486
1.17473
1.1746
1.17447
1.17434
1.17421
1.17409
1.17396
1.17383
1.1737
1.17357
1.17344
1.17331
1.17319
1.17306
1.17293
1.17281
1.17268
1.17256
1.17244
1.17232
1.1722
1.17208
1.17196
1.17185
1.17173
1.17162
1.17151
1.1714
1.17129
1.17119
1.17108
1.17098
1.17088
1.17079
1.17069
1.1706
1.17051
1.17042
1.17033
1.17025
1.17017
1.17009
1.17002
1.16995
1.16988
1.16981
1.16974
1.16968
1.16962
1.16957
1.16951
1.16946
1.16941
1.16937
1.16932
1.16928
1.16924
1.16921
1.16917
1.16914
1.16912
1.16909
1.16906
1.16904
1.16902
1.169
1.16899
1.16897
1.16896
1.16895
1.16894
1.16893
1.16892
1.16892
1.16891
1.16891
1.1689
1.1689
1.1689
1.16889
1.16889
1.16889
1.16889
1.16888
1.16888
1.16888
1.16887
1.16887
1.16886
1.16885
1.16884
1.16883
1.16882
1.16881
1.16879
1.16877
1.16875
1.16873
1.1687
1.16867
1.16864
1.16861
1.16857
1.16853
1.16849
1.16844
1.16839
1.16833
1.16828
1.16821
1.16815
1.16808
1.168
1.16793
1.16784
1.16776
1.16767
1.16757
1.16748
1.16737
1.16727
1.16715
1.16704
1.16692
1.1668
1.16667
1.16654
1.16641
1.16628
1.16614
1.166
1.16585
1.16571
1.16556
1.16541
1.16525
1.1651
1.16495
1.16479
1.16464
1.16448
1.16433
1.16418
1.16403
1.16388
1.16373
1.16359
1.16345
1.16331
1.16317
1.16305
1.16292
1.1628
1.16269
1.16259
1.16249
1.1624
1.16231
1.16224
1.16217
1.16212
1.16207
1.16203
1.16201
1.16199
1.16199
1.162
1.16202
1.16205
1.16209
1.16215
1.16222
1.1623
1.16239
1.1625
1.16262
1.16275
1.1629
1.16306
1.16323
1.16342
1.16361
1.16382
1.16404
1.16428
1.16452
1.16478
1.16505
1.16532
1.16561
1.16591
1.16622
1.16653
1.16686
1.16719
1.16753
1.16788
1.16823
1.16859
1.16896
1.16933
1.1697
1.17008
1.17047
1.17085
1.17124
1.17163
1.17202
1.17242
1.17281
1.1732
1.1736
1.17399
1.17438
1.17477
1.17516
1.17555
1.17593
1.17631
1.17669
1.17707
1.17744
1.1778
1.17817
1.17852
1.17888
1.17923
1.17957
1.17991
1.18024
1.18057
1.1809
1.18121
1.18152
1.18183
1.18213
1.18243
1.18271
1.183
1.18327
1.18354
1.18381
1.18407
1.18432
1.18457
1.18481
1.18505
1.18528
1.1855
1.18572
1.18594
1.18614
1.18635
1.18655
1.18674
1.18692
1.18711
1.18728
1.18746
1.18762
1.18779
1.18795
1.1881
1.18825
1.18839
1.18853
1.18867
1.1888
1.18893
1.18906
1.18918
1.18929
1.18941
1.18952
1.18962
1.18973
1.18983
1.18992
1.19002
1.19011
1.19019
1.19028
1.19036
1.19044
1.19051
1.19059
1.19066
1.19072
1.19079
1.19085
1.19091
1.19097
1.19103
1.19108
1.19113
1.19118
1.19123
1.19128
1.19132
1.19136
1.1914
1.19144
1.19148
1.19151
1.19155
1.19158
1.19161
1.19164
1.19167
1.1917
1.19172
1.19175
1.19178
1.1918
1.19182
1.19184
1.19187
1.19189
1.19191
1.19193
1.19195
1.19197
1.19199
1.19201
1.19203
1.19205
1.19207
1.19209
1.19211
1.19213
1.19215
1.19217
1.1922
1.19222
1.19224
1.19227
1.1923
1.19232
1.19235
1.19238
1.19242
1.19245
1.19248
1.19252
1.19256
1.1926
1.19264
1.19268
1.19273
1.19278
1.19283
1.19288
1.19293
1.19299
1.19305
1.19311
1.19317
1.19323
1.1933
1.19337
1.19344
1.19352
1.1936
1.19368
1.19376
1.19384
1.19393
1.19402
1.19411
1.1942
1.1943
1.1944
1.1945
1.1946
1.19471
1.19481
1.19492
1.19503
1.19514
1.19526
1.19537
1.19549
1.19561
1.19573
1.19585
1.19597
1.19609
1.19622
1.19634
1.19647
1.19659
1.19672
1.19685
1.19697
1.1971
1.19723
1.19736
1.19748
1.19761
1.19774
1.19787
1.19799
1.19812
1.19824
1.19837
1.19849
1.19861
1.19873
1.19885
1.19897
1.19909
1.19921
1.19932
1.19943
1.19955
1.19966
1.19977
1.19987
1.19998
1.20008
1.20018
1.20028
1.20038
1.20048
1.20058
1.20067
1.20076
1.20085
1.20094
1.20102
1.20111
1.20119
1.20127
1.20135
1.20143
1.2015
1.20158
1.20165
1.20172
1.20179
1.20186
1.20192
1.20199
1.20205
1.20211
1.20217
1.20223
1.20229
1.20235
1.2024
1.20245
1.20251
1.20256
1.20261
1.20265
1.2027
1.20275
1.20279
1.20283
1.20287
1.20291
1.20295
1.20298
1.20302
1.20305
1.20308
1.2031
1.20313
1.20315
1.20317
1.20318
1.20319
1.2032
1.20321
1.20321
1.20321
1.2032
1.20319
1.20317
1.20315
1.20312
1.20309
1.20305
1.20301
1.20296
1.2029
1.20283
1.20276
1.20268
1.20258
1.20249
1.20238
1.20226
1.20213
1.20199
1.20184
1.20168
1.20151
1.20132
1.20113
1.20092
1.20069
1.20046
1.2002
1.19994
1.19966
1.19937
1.19906
1.19873
1.19839
1.19803
1.19766
1.19727
1.19687
1.19644
1.196
1.19555
1.19508
1.19459
1.19408
1.19356
1.19302
1.19247
1.1919
1.19131
1.19072
1.1901
1.18948
1.18884
1.18818
1.18752
1.18685
1.18616
1.18547
1.18477
1.18407
1.18336
1.18265
1.18193
1.18122
1.1805
1.17979
1.17909
1.17839
1.17769
1.17701
1.17635
1.17569
1.17505
1.17443
1.17383
1.17325
1.1727
1.17217
1.17167
1.1712
1.17076
1.17036
1.16999
1.16966
1.16936
1.1691
1.16888
1.16871
1.16857
1.16848
1.16843
1.16842
1.16846
1.16854
1.16867
1.16883
1.16904
1.16929
1.16959
1.16992
1.17029
1.17069
1.17114
1.17161
1.17213
1.17267
1.17324
1.17383
1.17446
1.1751
1.17577
1.17646
1.17716
1.17788
1.17861
1.17935
1.1801
1.18086
1.18162
1.18238
1.18315
1.18391
1.18467
1.18543
1.18618
1.18692
1.18766
1.18838
1.1891
1.1898
1.19049
1.19116
1.19182
1.19246
1.19308
1.19369
1.19427
1.19484
1.19539
1.19592
1.19643
1.19692
1.19739
1.19783
1.19826
1.19867
1.19905
1.19942
1.19976
1.20009
1.20039
1.20068
1.20094
1.20119
1.20142
1.20163
1.20182
1.202
1.20216
1.20231
1.20244
1.20255
1.20266
1.20275
1.20282
1.20289
1.20295
1.203
1.20303
1.20307
1.20309
1.20311
1.20312
1.20313
1.20313
1.20314
1.20314
1.20314
1.20314
1.20315
1.20315
1.20316
1.20317
1.20319
1.20321
1.20324
1.20328
1.20332
1.20337
1.20343
1.2035
1.20358
1.20368
1.20378
1.20389
1.20402
1.20415
1.2043
1.20447
1.20464
1.20483
1.20503
1.20524
1.20546
1.2057
1.20595
1.20621
1.20648
1.20677
1.20706
1.20737
1.20768
1.20801
1.20834
1.20869
1.20904
1.2094
1.20976
1.21013
1.21051
1.21089
1.21128
1.21167
1.21206
1.21245
1.21285
1.21325
1.21365
1.21405
1.21444
1.21484
1.21523
1.21562
1.21601
1.2164
1.21678
1.21715
1.21753
1.21789
1.21825
1.21861
1.21896
1.2193
1.21963
1.21996
1.22028
1.22059
1.22089
1.22119
1.22147
1.22175
1.22202
1.22228
1.22253
1.22278
1.22301
1.22324
1.22345
1.22366
1.22386
1.22405
1.22423
1.2244
1.22456
1.22472
1.22486
1.225
1.22513
1.22525
1.22536
1.22547
1.22557
1.22565
1.22574
1.22581
1.22588
1.22594
1.22599
1.22603
1.22607
1.22611
1.22613
1.22615
1.22617
1.22617
1.22618
1.22617
1.22617
1.22615
1.22613
1.22611
1.22608
1.22605
1.22601
1.22597
1.22593
1.22588
1.22583
1.22577
1.22571
1.22565
1.22558
1.22551
1.22544
1.22537
1.22529
1.22521
1.22513
1.22504
1.22495
1.22486
1.22477
1.22468
1.22459
1.22449
1.22439
1.22429
1.22419
1.22409
1.22398
1.22388
1.22377
1.22366
1.22355
1.22344
1.22333
1.22322
1.22311
1.22299
1.22288
1.22276
1.22264
1.22252
1.22241
1.22229
1.22216
1.22204
1.22192
1.2218
1.22167
1.22155
1.22142
1.22129
1.22116
1.22103
1.2209
1.22077
1.22064
1.22051
1.22037
1.22023
1.2201
1.21996
1.21982
1.21968
1.21954
1.21939
1.21925
1.2191
1.21895
1.21881
1.21866
1.2185
1.21835
1.2182
1.21804
1.21789
1.21773
1.21757
1.21741
1.21725
1.21708
1.21692
1.21675
1.21659
1.21642
1.21625
1.21608
1.21591
1.21573
1.21556
1.21539
1.21521
1.21504
1.21486
1.21468
1.2145
1.21433
1.21415
1.21397
1.21379
1.21361
1.21343
1.21325
1.21306
1.21288
1.2127
1.21252
1.21234
1.21216
1.21198
1.21179
1.21161
1.21143
1.21125
1.21107
1.21089
1.21071
1.21053
1.21034
1.21016
1.20998
1.2098
1.20962
1.20944
1.20926
1.20908
1.2089
1.20872
1.20854
1.20836
1.20817
1.20799
1.20781
1.20762
1.20744
1.20725
1.20707
1.20688
1.20669
1.2065
1.20631
1.20612
1.20593
1.20573
1.20553
1.20533
1.20513
1.20493
1.20473
1.20452
1.20431
1.2041
1.20388
1.20367
1.20345
1.20323
1.203
1.20278
1.20255
1.20232
1.20208
1.20184
1.2016
1.20136
1.20112
1.20087
1.20062
1.20037
1.20011
1.19986
1.1996
1.19934
1.19908
1.19882
1.19855
1.19828
1.19802
1.19775
1.19748
1.19721
1.19695
1.19668
1.19641
1.19614
1.19588
1.19561
1.19535
1.19509
1.19483
1.19457
1.19432
1.19407
1.19383
1.19359
1.19335
1.19312
1.19289
1.19267
1.19246
1.19225
1.19205
1.19186
1.19167
1.1915
1.19133
1.19117
1.19102
1.19088
1.19074
1.19062
1.19051
1.19041
1.19033
1.19025
1.19019
1.19014
1.1901
1.19007
1.19006
1.19005
1.19007
1.19009
1.19013
1.19019
1.19025
1.19034
1.19043
1.19054
1.19067
1.1908
1.19096
1.19112
1.1913
1.1915
1.1917
1.19193
1.19216
1.19241
1.19267
1.19294
1.19323
1.19353
1.19384
1.19416
1.1945
1.19484
1.1952
1.19557
1.19594
1.19633
1.19673
1.19713
1.19754
1.19796
1.19839
1.19882
1.19926
1.19971
1.20016
1.20062
1.20108
1.20155
1.20201
1.20248
1.20296
1.20343
1.20391
1.20439
1.20486
1.20534
1.20582
1.20629
1.20676
1.20724
1.2077
1.20817
1.20863
1.20909
1.20954
1.20999
1.21043
1.21086
1.21129
1.21172
1.21213
1.21254
1.21294
1.21333
1.21372
1.21409
1.21446
1.21481
1.21516
1.2155
1.21582
1.21614
1.21645
1.21674
1.21702
1.21729
1.21755
1.2178
1.21804
1.21826
1.21847
1.21867
1.21886
1.21904
1.2192
1.21935
1.21948
1.21961
1.21972
1.21982
1.2199
1.21998
1.22004
1.22008
1.22012
1.22014
1.22015
1.22015
1.22013
1.22011
1.22007
1.22001
1.21995
1.21987
1.21979
1.21969
1.21958
1.21946
1.21933
1.21919
1.21904
1.21887
1.2187
1.21852
1.21833
1.21813
1.21792
1.21771
1.21748
1.21725
1.21701
1.21676
1.21651
1.21625
1.21598
1.21571
1.21544
1.21516
1.21487
1.21458
1.21429
1.21399
1.21369
1.21339
1.21308
1.21277
1.21247
1.21216
1.21185
1.21154
1.21122
1.21091
1.2106
1.21029
1.20999
1.20968
1.20938
1.20907
1.20877
1.20847
1.20818
1.20789
1.2076
1.20731
1.20703
1.20675
1.20647
1.2062
1.20593
1.20566
1.2054
1.20514
1.20488
1.20463
1.20438
1.20413
1.20389
1.20364
1.2034
1.20317
1.20293
1.20269
1.20246
1.20223
1.20199
1.20176
1.20152
1.20129
1.20105
1.20081
1.20057
1.20032
1.20008
1.19982
1.19956
1.1993
1.19903
1.19876
1.19847
1.19818
1.19789
1.19758
1.19727
1.19694
1.19661
1.19627
1.19592
1.19555
1.19518
1.19479
1.1944
1.19399
1.19357
1.19314
1.1927
1.19225
1.19179
1.19132
1.19085
1.19036
1.18986
1.18936
1.18885
1.18834
1.18782
1.18729
1.18677
1.18625
1.18572
1.1852
1.18469
1.18418
1.18367
1.18318
1.1827
1.18223
1.18178
1.18135
1.18093
1.18054
1.18017
1.17982
1.17951
1.17922
1.17897
1.17874
1.17856
1.17841
1.17829
1.17822
1.17819
1.17819
1.17824
1.17834
1.17847
1.17865
1.17887
1.17914
1.17945
1.1798
1.18019
1.18062
1.18109
1.18161
1.18216
1.18274
1.18336
1.18401
1.18469
1.1854
1.18614
1.1869
1.18769
1.18849
1.18931
1.19015
1.191
1.19187
1.19274
1.19362
1.19451
1.19539
1.19628
1.19717
1.19806
1.19894
1.19982
1.20069
1.20155
1.2024
1.20324
1.20407
1.20489
1.20569
1.20647
1.20724
1.20799
1.20873
1.20945
1.21015
1.21083
1.21149
1.21213
1.21275
1.21336
1.21394
1.21451
1.21505
1.21558
1.21608
1.21657
1.21704
1.21749
1.21792
1.21833
1.21873
1.2191
1.21946
1.2198
1.22013
1.22044
1.22073
1.22101
1.22127
1.22152
1.22175
1.22197
1.22218
1.22237
1.22255
1.22271
1.22287
1.22301
1.22314
1.22326
1.22337
1.22347
1.22356
1.22364
1.22372
1.22378
1.22383
1.22388
1.22392
1.22395
1.22397
1.22399
1.224
1.22401
1.22401
1.224
1.22399
1.22397
1.22395
1.22392
1.22389
1.22385
1.22381
1.22377
1.22373
1.22368
1.22362
1.22357
1.22351
1.22345
1.22339
1.22332
1.22326
1.22319
1.22312
1.22305
1.22298
1.2229
1.22283
1.22275
1.22267
1.2226
1.22252
1.22244
1.22236
1.22228
1.2222
1.22212
1.22203
1.22195
1.22187
1.22179
1.22171
1.22162
1.22154
1.22146
1.22138
1.22129
1.22121
1.22113
1.22104
1.22096
1.22087
1.22079
1.2207
1.22062
1.22053
1.22044
1.22036
1.22027
1.22018
1.22009
1.22
1.2199
1.21981
1.21971
1.21962
1.21952
1.21942
1.21931
1.21921
1.2191
1.21899
1.21888
1.21877
1.21865
1.21853
1.21841
1.21828
1.21815
1.21802
1.21789
1.21775
1.2176
1.21745
1.2173
1.21715
1.21699
1.21682
1.21665
1.21647
1.21629
1.21611
1.21592
1.21572
1.21552
1.21531
1.2151
1.21488
1.21465
1.21442
1.21418
1.21394
1.21368
1.21343
1.21316
1.21289
1.21261
1.21232
1.21203
1.21173
1.21142
1.2111
1.21078
1.21045
1.21011
1.20976
1.20941
1.20905
1.20868
1.2083
1.20791
1.20752
1.20712
1.20671
1.2063
1.20587
1.20544
1.20501
1.20456
1.20411
1.20365
1.20318
1.20271
1.20223
1.20174
1.20125
1.20075
1.20025
1.19973
1.19922
1.1987
1.19817
1.19764
1.1971
1.19656
1.19602
1.19547
1.19492
1.19436
1.19381
1.19325
1.19269
1.19212
1.19156
1.191
1.19043
1.18987
1.18931
1.18875
1.18819
1.18763
1.18708
1.18653
1.18598
1.18544
1.1849
1.18437
1.18385
1.18333
1.18282
1.18231
1.18182
1.18133
1.18086
1.18039
1.17993
1.17949
1.17906
1.17864
1.17823
1.17783
1.17745
1.17708
1.17673
1.17639
1.17607
1.17576
1.17547
1.17519
1.17493
1.17469
1.17447
1.17426
1.17407
1.1739
1.17374
1.1736
1.17348
1.17338
1.1733
1.17323
1.17318
1.17315
1.17314
1.17314
1.17317
1.1732
1.17326
1.17333
1.17342
1.17352
1.17364
1.17378
1.17393
1.17409
1.17427
1.17446
1.17466
1.17488
1.17511
1.17535
1.1756
1.17586
1.17614
1.17642
1.17671
1.17701
1.17732
1.17764
1.17797
1.1783
1.17864
1.17898
1.17933
1.17969
1.18005
1.18041
1.18078
1.18115
1.18153
1.1819
1.18228
1.18266
1.18304
1.18343
1.18381
1.18419
1.18458
1.18496
1.18535
1.18573
1.18611
1.18649
1.18687
1.18725
1.18763
1.188
1.18837
1.18874
1.18911
1.18947
1.18984
1.19019
1.19055
1.1909
1.19125
1.19159
1.19193
1.19227
1.19261
1.19294
1.19326
1.19358
1.1939
1.19422
1.19453
1.19483
1.19513
1.19543
1.19572
1.19601
1.19629
1.19657
1.19685
1.19712
1.19739
1.19765
1.1979
1.19816
1.1984
1.19865
1.19889
1.19912
1.19935
1.19958
1.1998
1.20001
1.20022
1.20043
1.20063
1.20083
1.20102
1.20121
1.20139
1.20157
1.20175
1.20192
1.20208
1.20224
1.2024
1.20255
1.2027
1.20284
1.20298
1.20311
1.20324
1.20337
1.20349
1.2036
1.20371
1.20382
1.20392
1.20402
1.20411
1.2042
1.20429
1.20437
1.20445
1.20452
1.20459
1.20465
1.20471
1.20477
1.20482
1.20486
1.20491
1.20495
1.20498
1.20502
1.20504
1.20507
1.20509
1.2051
1.20512
1.20513
1.20513
1.20513
1.20513
1.20513
1.20512
1.20511
1.20509
1.20507
1.20505
1.20503
1.205
1.20497
1.20494
1.2049
1.20486
1.20482
1.20477
1.20472
1.20467
1.20462
1.20456
1.2045
1.20444
1.20438
1.20431
1.20425
1.20417
1.2041
1.20403
1.20395
1.20387
1.20379
1.20371
1.20362
1.20354
1.20345
1.20336
1.20327
1.20318
1.20308
1.20299
1.20289
1.20279
1.20269
1.20259
1.20249
1.20238
1.20228
1.20217
1.20207
1.20196
1.20185
1.20174
1.20163
1.20152
1.2014
1.20129
1.20118
1.20106
1.20095
1.20083
1.20072
1.2006
1.20048
1.20037
1.20025
1.20013
1.20001
1.19989
1.19977
1.19965
1.19953
1.19941
1.19929
1.19917
1.19905
1.19893
1.19881
1.19869
1.19856
1.19844
1.19832
1.1982
1.19808
1.19795
1.19783
1.19771
1.19759
1.19746
1.19734
1.19722
1.1971
1.19697
1.19685
1.19673
1.1966
1.19648
1.19636
1.19623
1.19611
1.19599
1.19586
1.19574
1.19561
1.19549
1.19537
1.19524
1.19512
1.19499
1.19487
1.19474
1.19462
1.19449
1.19437
1.19424
1.19412
1.19399
1.19386
1.19374
1.19361
1.19348
1.19336
1.19323
1.1931
1.19297
1.19285
1.19272
1.19259
1.19246
1.19233
1.1922
1.19207
1.19194
1.19181
1.19168
1.19155
1.19141
1.19128
1.19115
1.19102
1.19088
1.19075
1.19062
1.19048
1.19035
1.19022
1.19008
1.18995
1.18981
1.18968
1.18954
1.1894
1.18927
1.18913
1.189
1.18886
1.18872
1.18859
1.18845
1.18831
1.18817
1.18804
1.1879
1.18776
1.18763
1.18749
1.18735
1.18721
1.18708
1.18694
1.1868
1.18667
1.18653
1.1864
1.18626
1.18613
1.18599
1.18586
1.18572
1.18559
1.18546
1.18533
1.18519
1.18506
1.18493
1.1848
1.18467
1.18455
1.18442
1.18429
1.18417
1.18404
1.18392
1.1838
1.18367
1.18355
1.18343
1.18332
1.1832
1.18308
1.18297
1.18285
1.18274
1.18263
1.18252
1.18241
1.18231
1.1822
1.1821
1.18199
1.18189
1.18179
1.1817
1.1816
1.18151
1.18141
1.18132
1.18123
1.18114
1.18106
1.18097
1.18089
1.18081
1.18073
1.18065
1.18058
1.1805
1.18043
1.18036
1.18029
1.18022
1.18016
1.1801
1.18003
1.17997
1.17992
1.17986
1.17981
1.17976
1.17971
1.17966
1.17961
1.17956
1.17952
1.17948
1.17944
1.1794
1.17937
1.17933
1.1793
1.17927
1.17924
1.17921
1.17919
1.17916
1.17914
1.17912
1.1791
1.17908
1.17906
1.17905
1.17904
1.17902
1.17901
1.179
1.179
1.17899
1.17899
1.17898
1.17898
1.17898
1.17898
1.17898
1.17899
1.17899
1.179
1.179
1.17901
1.17902
1.17903
1.17904
1.17905
1.17907
1.17908
1.1791
1.17911
1.17913
1.17915
1.17917
1.17919
1.17921
1.17923
1.17926
1.17928
1.1793
1.17933
1.17936
1.17938
1.17941
1.17944
1.17947
1.1795
1.17953
1.17956
1.17959
1.17963
1.17966
1.17969
1.17973
1.17976
1.1798
1.17983
1.17987
1.17991
1.17994
1.17998
1.18002
1.18006
1.1801
1.18014
1.18018
1.18022
1.18026
1.1803
1.18034
1.18038
1.18043
1.18047
1.18051
1.18055
1.1806
1.18064
1.18068
1.18072
1.18077
1.18081
1.18086
1.1809
1.18094
1.18099
1.18103
1.18108
1.18112
1.18117
1.18121
1.18125
1.1813
1.18134
1.18139
1.18143
1.18147
1.18152
1.18156
1.18161
1.18165
1.18169
1.18173
1.18178
1.18182
1.18186
1.1819
1.18195
1.18199
1.18203
1.18207
1.18211
1.18215
1.18219
1.18223
1.18227
1.18231
1.18234
1.18238
1.18242
1.18246
1.18249
1.18253
1.18256
1.1826
1.18263
1.18266
1.1827
1.18273
1.18276
1.18279
1.18282
1.18285
1.18288
1.1829
1.18293
1.18296
1.18298
1.18301
1.18303
1.18305
1.18307
1.18309
1.18311
1.18313
1.18315
1.18317
1.18318
1.1832
1.18321
1.18323
1.18324
1.18325
1.18326
1.18327
1.18327
1.18328
1.18328
1.18329
1.18329
1.18329
1.18329
1.18329
1.18329
1.18329
1.18328
1.18327
1.18327
1.18326
1.18325
1.18324
1.18322
1.18321
1.18319
1.18317
1.18316
1.18314
1.18311
1.18309
1.18307
1.18304
1.18301
1.18298
1.18295
1.18292
1.18289
1.18285
1.18281
1.18277
1.18273
1.18269
1.18265
1.18261
1.18256
1.18251
1.18246
1.18241
1.18236
1.1823
1.18225
1.18219
1.18213
1.18207
1.18201
1.18195
1.18188
1.18182
1.18175
1.18168
1.18161
1.18154
1.18146
1.18139
1.18131
1.18124
1.18116
1.18108
1.181
1.18092
1.18083
1.18075
1.18066
1.18058
1.18049
1.1804
1.18032
1.18023
1.18014
1.18005
1.17996
1.17987
1.17977
1.17968
1.17959
1.1795
1.1794
1.17931
1.17922
1.17913
1.17903
1.17894
1.17885
1.17876
1.17867
1.17858
1.17849
1.1784
1.17831
1.17822
1.17813
1.17805
1.17796
1.17788
1.1778
1.17772
1.17764
1.17756
1.17748
1.17741
1.17734
1.17727
1.1772
1.17713
1.17707
1.17701
1.17695
1.17689
1.17684
1.17678
1.17673
1.17669
1.17664
1.1766
1.17656
1.17652
1.17649
1.17646
1.17643
1.17641
1.17639
1.17637
1.17635
1.17634
1.17633
1.17632
1.17632
1.17632
1.17632
1.17633
1.17634
1.17635
1.17636
1.17638
1.1764
1.17643
1.17645
1.17648
1.17651
1.17655
1.17659
1.17663
1.17667
1.17672
1.17677
1.17682
1.17687
1.17693
1.17698
1.17704
1.17711
1.17717
1.17724
1.1773
1.17737
1.17744
1.17752
1.17759
1.17767
1.17774
1.17782
1.1779
1.17798
1.17807
1.17815
1.17823
1.17832
1.1784
1.17849
1.17857
1.17866
1.17875
1.17883
1.17892
1.17901
1.1791
1.17919
1.17927
1.17936
1.17945
1.17953
1.17962
1.17971
1.17979
1.17988
1.17996
1.18005
1.18013
1.18022
1.1803
1.18038
1.18046
1.18054
1.18062
1.1807
1.18077
1.18085
1.18092
1.181
1.18107
1.18114
1.18121
1.18128
1.18135
1.18142
1.18149
1.18155
1.18162
1.18168
1.18174
1.1818
1.18186
1.18192
1.18198
1.18203
1.18209
1.18214
1.1822
1.18225
1.1823
1.18235
1.1824
1.18245
1.18249
1.18254
1.18259
1.18263
1.18267
1.18272
1.18276
1.1828
1.18284
1.18288
1.18292
1.18295
1.18299
1.18303
1.18306
1.1831
1.18313
1.18317
1.1832
1.18323
1.18326
1.1833
1.18333
1.18336
1.18339
1.18342
1.18345
1.18348
1.18351
1.18354
1.18357
1.1836
1.18363
1.18366
1.18369
1.18372
1.18374
1.18377
1.1838
1.18383
1.18386
1.18389
1.18392
1.18395
1.18398
1.18401
1.18404
1.18407
1.1841
1.18413
1.18416
1.18419
1.18422
1.18425
1.18429
1.18432
1.18435
1.18438
1.18442
1.18445
1.18449
1.18452
1.18456
1.18459
1.18463
1.18467
1.1847
1.18474
1.18478
1.18482
1.18486
1.1849
1.18494
1.18498
1.18502
1.18506
1.18511
1.18515
1.1852
1.18524
1.18529
1.18533
1.18538
1.18543
1.18547
1.18552
1.18557
1.18562
1.18567
1.18572
1.18577
1.18583
1.18588
1.18593
1.18599
1.18604
1.1861
1.18615
1.18621
1.18627
1.18632
1.18638
1.18644
1.1865
1.18656
1.18662
1.18668
1.18674
1.1868
1.18687
1.18693
1.18699
1.18705
1.18712
1.18718
1.18725
1.18731
1.18738
1.18744
1.18751
1.18757
1.18764
1.1877
1.18777
1.18783
1.1879
1.18796
1.18803
1.1881
1.18816
1.18823
1.18829
1.18836
1.18842
1.18848
1.18855
1.18861
1.18867
1.18873
1.1888
1.18886
1.18892
1.18897
1.18903
1.18909
1.18915
1.1892
1.18925
1.18931
1.18936
1.18941
1.18946
1.18951
1.18955
1.1896
1.18964
1.18968
1.18972
1.18976
1.18979
1.18982
1.18986
1.18988
1.18991
1.18994
1.18996
1.18998
1.19
1.19001
1.19002
1.19003
1.19004
1.19004
1.19004
1.19004
1.19004
1.19003
1.19002
1.19
1.18998
1.18996
1.18994
1.18991
1.18987
1.18984
1.1898
1.18976
1.18971
1.18966
1.1896
1.18954
1.18948
1.18941
1.18934
1.18926
1.18919
1.1891
1.18901
1.18892
1.18882
1.18872
1.18862
1.18851
1.18839
1.18827
1.18815
1.18802
1.18789
1.18776
1.18762
1.18747
1.18732
1.18717
1.18701
1.18685
1.18669
1.18652
1.18634
1.18617
1.18598
1.1858
1.18561
1.18542
1.18522
1.18502
1.18482
1.18462
1.18441
1.1842
1.18398
1.18377
1.18355
1.18333
1.1831
1.18288
1.18265
1.18243
1.1822
1.18196
1.18173
1.1815
1.18127
1.18103
1.1808
1.18057
1.18034
1.1801
1.17987
1.17964
1.17941
1.17919
1.17896
1.17874
1.17852
1.1783
1.17809
1.17787
1.17767
1.17746
1.17726
1.17706
1.17687
1.17669
1.1765
1.17633
1.17616
1.17599
1.17583
1.17568
1.17553
1.17539
1.17526
1.17514
1.17502
1.17491
1.17481
1.17471
1.17462
1.17455
1.17448
1.17442
1.17436
1.17432
1.17429
1.17426
1.17425
1.17424
1.17424
1.17426
1.17428
1.17431
1.17436
1.17441
1.17447
1.17454
1.17462
1.17471
1.17481
1.17492
1.17504
1.17517
1.17531
1.17546
1.17562
1.17579
1.17596
1.17615
1.17635
1.17655
1.17676
1.17698
1.17721
1.17745
1.17769
1.17795
1.17821
1.17848
1.17875
1.17904
1.17933
1.17962
1.17993
1.18024
1.18055
1.18087
1.1812
1.18153
1.18186
1.1822
1.18255
1.1829
1.18325
1.18361
1.18397
1.18433
1.1847
1.18507
1.18544
1.18581
1.18619
1.18656
1.18694
1.18732
1.1877
1.18808
1.18846
1.18884
1.18922
1.1896
1.18998
1.19035
1.19073
1.19111
1.19148
1.19185
1.19222
1.19259
1.19295
1.19332
1.19368
1.19403
1.19439
1.19474
1.19508
1.19543
1.19577
1.1961
1.19643
1.19676
1.19708
1.1974
1.19771
1.19802
1.19833
1.19863
1.19892
1.19921
1.19949
1.19977
1.20004
1.20031
1.20057
1.20083
1.20108
1.20132
1.20156
1.20179
1.20202
1.20224
1.20246
1.20267
1.20287
1.20307
1.20326
1.20344
1.20362
1.20379
1.20396
1.20412
1.20427
1.20441
1.20456
1.20469
1.20482
1.20494
1.20505
1.20516
1.20527
1.20536
1.20545
1.20553
1.20561
1.20568
1.20575
1.20581
1.20586
1.2059
1.20594
1.20598
1.20601
1.20603
1.20604
1.20605
1.20605
1.20605
1.20604
1.20603
1.20601
1.20598
1.20595
1.20591
1.20586
1.20581
1.20576
1.2057
1.20563
1.20555
1.20548
1.20539
1.2053
1.20521
1.2051
1.205
1.20489
1.20477
1.20465
1.20452
1.20439
1.20425
1.20411
1.20396
1.2038
1.20365
1.20348
1.20332
1.20314
1.20297
1.20279
1.2026
1.20241
1.20222
1.20202
1.20182
1.20161
1.2014
1.20118
1.20097
1.20074
1.20052
1.20029
1.20006
1.19982
1.19958
1.19934
1.19909
1.19885
1.19859
1.19834
1.19809
1.19783
1.19757
1.1973
1.19704
1.19677
1.19651
1.19624
1.19596
1.19569
1.19542
1.19514
1.19487
1.19459
1.19432
1.19404
1.19376
1.19348
1.1932
1.19293
1.19265
1.19237
1.1921
1.19182
1.19155
1.19127
1.191
1.19073
1.19046
1.19019
1.18992
1.18966
1.1894
1.18913
1.18888
1.18862
1.18836
1.18811
1.18786
1.18762
1.18737
1.18713
1.18689
1.18666
1.18643
1.1862
1.18597
1.18575
1.18553
1.18531
1.1851
1.18489
1.18468
1.18448
1.18428
1.18409
1.18389
1.1837
1.18352
1.18334
1.18316
1.18298
1.18281
1.18264
1.18248
1.18232
1.18216
1.18201
1.18186
1.18171
1.18156
1.18142
1.18129
1.18115
1.18102
1.1809
1.18077
1.18065
1.18054
1.18042
1.18032
1.18021
1.18011
1.18001
1.17992
1.17983
1.17974
1.17966
1.17958
1.17951
1.17944
1.17938
1.17932
1.17927
1.17922
1.17918
1.17914
1.17911
1.17908
1.17906
1.17904
1.17904
1.17903
1.17904
1.17905
1.17907
1.1791
1.17913
1.17917
1.17922
1.17928
1.17934
1.17942
1.1795
1.17959
1.17969
1.1798
1.17991
1.18004
1.18018
1.18032
1.18047
1.18064
1.18081
1.18099
1.18118
1.18138
1.18159
1.18181
1.18203
1.18227
1.18251
1.18277
1.18303
1.1833
1.18357
1.18386
1.18415
1.18445
1.18476
1.18507
1.18539
1.18571
1.18604
1.18637
1.18671
1.18706
1.1874
1.18775
1.1881
1.18846
1.18881
1.18917
1.18953
1.18989
1.19024
1.1906
1.19095
1.1913
1.19165
1.192
1.19234
1.19268
1.19301
1.19333
1.19365
1.19396
1.19426
1.19456
1.19484
1.19512
1.19538
1.19564
1.19588
1.19611
1.19632
1.19653
1.19671
1.19689
1.19704
1.19718
1.19731
1.19741
1.1975
1.19757
1.19762
1.19765
1.19765
1.19764
1.19761
1.19755
1.19748
1.19737
1.19725
1.1971
1.19693
1.19673
1.19651
1.19627
1.196
1.19571
1.19539
1.19504
1.19467
1.19428
1.19386
1.19342
1.19296
1.19247
1.19196
1.19143
1.19088
1.19031
1.18972
1.18911
1.18849
1.18785
1.1872
1.18654
1.18587
1.18519
1.1845
1.18381
1.18312
1.18242
1.18173
1.18105
1.18037
1.1797
1.17904
1.17839
1.17777
1.17716
1.17657
1.17601
1.17548
1.17497
1.17449
1.17405
1.17364
1.17327
1.17294
1.17264
1.17239
1.17218
1.17201
1.17188
1.1718
1.17176
1.17176
1.17181
1.1719
1.17203
1.17221
1.17242
1.17268
1.17297
1.17329
1.17366
1.17405
1.17447
1.17493
1.1754
1.17591
1.17643
1.17697
1.17753
1.17811
1.1787
1.17929
1.1799
1.18051
1.18113
1.18174
1.18236
1.18298
1.18359
1.18419
1.18479
1.18538
1.18597
1.18654
1.1871
1.18764
1.18818
1.1887
1.1892
1.18969
1.19016
1.19062
1.19106
1.19149
1.1919
1.19229
1.19267
1.19303
1.19338
1.1937
1.19402
1.19432
1.1946
1.19487
1.19513
1.19538
1.19561
1.19583
1.19604
1.19624
1.19643
1.19661
1.19678
1.19694
1.19709
1.19724
1.19738
1.19752
1.19765
1.19777
1.1979
1.19801
1.19813
1.19824
1.19835
1.19846
1.19857
1.19867
1.19878
1.19889
1.19899
1.1991
1.19921
1.19932
1.19943
1.19954
1.19965
1.19977
1.19989
1.20001
1.20013
1.20026
1.20039
1.20052
1.20065
1.20079
1.20093
1.20107
1.20122
1.20137
1.20152
1.20167
1.20183
1.20198
1.20215
1.20231
1.20247
1.20264
1.20281
1.20298
1.20315
1.20333
1.2035
1.20368
1.20386
1.20404
1.20422
1.2044
1.20458
1.20476
1.20495
1.20513
1.20531
1.20549
1.20567
1.20586
1.20604
1.20622
1.2064
1.20657
1.20675
1.20693
1.2071
1.20728
1.20745
1.20762
1.20779
1.20796
1.20813
1.20829
1.20845
1.20861
1.20877
1.20893
1.20908
1.20924
1.20939
1.20954
1.20968
1.20983
1.20997
1.21011
1.21024
1.21038
1.21051
1.21064
1.21077
1.21089
1.21102
1.21114
1.21126
1.21137
1.21149
1.2116
1.21171
1.21181
1.21192
1.21202
1.21212
1.21222
1.21231
1.2124
1.21249
1.21258
1.21267
1.21275
1.21284
1.21292
1.21299
1.21307
1.21314
1.21321
1.21328
1.21335
1.21342
1.21348
1.21354
1.2136
1.21366
1.21372
1.21377
1.21383
1.21388
1.21393
1.21397
1.21402
1.21406
1.21411
1.21415
1.21419
1.21423
1.21426
1.2143
1.21433
1.21436
1.21439
1.21442
1.21445
1.21448
1.2145
1.21452
1.21454
1.21456
1.21458
1.2146
1.21462
1.21463
1.21465
1.21466
1.21467
1.21468
1.21469
1.21469
1.2147
1.2147
1.2147
1.2147
1.2147
1.2147
1.2147
1.2147
1.21469
1.21468
1.21467
1.21466
1.21465
1.21464
1.21462
1.21461
1.21459
1.21457
1.21455
1.21453
1.21451
1.21448
1.21445
1.21442
1.21439
1.21436
1.21433
1.21429
1.21425
1.21421
1.21417
1.21413
1.21408
1.21403
1.21398
1.21393
1.21388
1.21382
1.21376
1.2137
1.21363
1.21357
1.2135
1.21343
1.21335
1.21328
1.2132
1.21311
1.21303
1.21294
1.21285
1.21275
1.21266
1.21256
1.21245
1.21234
1.21223
1.21212
1.212
1.21188
1.21175
1.21162
1.21149
1.21135
1.21121
1.21107
1.21092
1.21076
1.21061
1.21044
1.21028
1.21011
1.20993
1.20975
1.20957
1.20938
1.20919
1.20899
1.20879
1.20858
1.20837
1.20816
1.20794
1.20771
1.20748
1.20725
1.20701
1.20677
1.20652
1.20627
1.20602
1.20576
1.2055
1.20523
1.20496
1.20469
1.20441
1.20413
1.20385
1.20357
1.20328
1.20299
1.2027
1.2024
1.20211
1.20181
1.20151
1.20122
1.20092
1.20062
1.20032
1.20003
1.19973
1.19944
1.19915
1.19886
1.19858
1.1983
1.19802
1.19775
1.19748
1.19722
1.19696
1.19671
1.19647
1.19623
1.196
1.19578
1.19557
1.19537
1.19518
1.195
1.19483
1.19467
1.19452
1.19438
1.19426
1.19415
1.19405
1.19396
1.19389
1.19383
1.19379
1.19375
1.19374
1.19373
1.19375
1.19377
1.19381
1.19387
1.19394
1.19402
1.19412
1.19423
1.19435
1.19449
1.19465
1.19481
1.19499
1.19518
1.19539
1.1956
1.19583
1.19606
1.19631
1.19657
1.19684
1.19712
1.1974
1.1977
1.198
1.19831
1.19863
1.19895
1.19928
1.19962
1.19995
1.2003
1.20064
1.20099
1.20135
1.2017
1.20206
1.20242
1.20278
1.20314
1.2035
1.20386
1.20422
1.20457
1.20493
1.20528
1.20564
1.20598
1.20633
1.20667
1.20701
1.20735
1.20768
1.20801
1.20833
1.20865
1.20896
1.20927
1.20958
1.20987
1.21017
1.21045
1.21073
1.21101
1.21128
1.21154
1.2118
1.21205
1.21229
1.21253
1.21276
1.21298
1.2132
1.21341
1.21361
1.21381
1.214
1.21418
1.21436
1.21453
1.21469
1.21485
1.215
1.21514
1.21528
1.21541
1.21553
1.21565
1.21576
1.21586
1.21595
1.21604
1.21612
1.2162
1.21627
1.21633
1.21638
1.21643
1.21647
1.21651
1.21653
1.21655
1.21657
1.21657
1.21657
1.21656
1.21655
1.21652
1.2165
1.21646
1.21641
1.21636
1.2163
1.21624
1.21616
1.21608
1.21599
1.2159
1.21579
1.21568
1.21556
1.21543
1.21529
1.21514
1.21499
1.21483
1.21465
1.21447
1.21428
1.21408
1.21387
1.21365
1.21343
1.21319
1.21294
1.21268
1.21241
1.21213
1.21184
1.21154
1.21122
1.2109
1.21056
1.21021
1.20985
1.20948
1.2091
1.2087
1.20829
1.20787
1.20743
1.20699
1.20652
1.20605
1.20556
1.20506
1.20455
1.20402
1.20348
1.20292
1.20235
1.20177
1.20118
1.20057
1.19995
1.19932
1.19868
1.19802
1.19736
1.19668
1.19599
1.1953
1.19459
1.19388
1.19316
1.19243
1.1917
1.19096
1.19022
1.18948
1.18874
1.18799
1.18725
1.18651
1.18578
1.18505
1.18432
1.18361
1.18291
1.18222
1.18155
1.18089
1.18024
1.17962
1.17902
1.17844
1.17789
1.17736
1.17686
1.17639
1.17595
1.17554
1.17516
1.17482
1.17452
1.17425
1.17402
1.17383
1.17368
1.17357
1.17349
1.17346
1.17347
1.17352
1.17361
1.17373
1.1739
1.1741
1.17435
1.17463
1.17494
1.17529
1.17567
1.17608
1.17652
1.17699
1.17749
1.17801
1.17856
1.17913
1.17972
1.18033
1.18095
1.18159
1.18224
1.18291
1.18358
1.18426
1.18495
1.18564
1.18634
1.18704
1.18774
1.18844
1.18914
1.18983
1.19052
1.19121
1.19189
1.19256
1.19323
1.19389
1.19454
1.19517
1.1958
1.19642
1.19703
1.19762
1.1982
1.19877
1.19933
1.19988
1.20041
1.20093
1.20144
1.20193
1.20242
1.20289
1.20334
1.20379
1.20422
1.20464
1.20504
1.20544
1.20582
1.20619
1.20655
1.2069
1.20723
1.20756
1.20787
1.20818
1.20847
1.20875
1.20903
1.20929
1.20954
1.20979
1.21003
1.21025
1.21047
1.21068
1.21088
1.21107
1.21126
1.21144
1.21161
1.21177
1.21192
1.21207
1.21221
1.21234
1.21247
1.21259
1.21271
1.21281
1.21291
1.21301
1.2131
1.21318
1.21326
1.21333
1.21339
1.21345
1.21351
1.21355
1.2136
1.21363
1.21367
1.21369
1.21372
1.21373
1.21375
1.21375
1.21375
1.21375
1.21374
1.21373
1.21372
1.21369
1.21367
1.21364
1.2136
1.21356
1.21352
1.21347
1.21342
1.21336
1.2133
1.21324
1.21317
1.2131
1.21302
1.21294
1.21286
1.21277
1.21268
1.21259
1.21249
1.21239
1.21229
1.21218
1.21207
1.21196
1.21185
1.21173
1.21161
1.21148
1.21136
1.21123
1.2111
1.21097
1.21083
1.21069
1.21056
1.21042
1.21027
1.21013
1.20999
1.20984
1.20969
1.20955
1.2094
1.20925
1.2091
1.20895
1.2088
1.20864
1.20849
1.20834
1.20819
1.20804
1.20789
1.20774
1.20758
1.20744
1.20729
1.20714
1.20699
1.20685
1.2067
1.20656
1.20642
1.20627
1.20614
1.206
1.20586
1.20573
1.2056
1.20547
1.20534
1.20521
1.20509
1.20497
1.20485
1.20473
1.20461
1.2045
1.20439
1.20428
1.20418
1.20407
1.20397
1.20387
1.20377
1.20368
1.20358
1.20349
1.2034
1.20332
1.20323
1.20315
1.20306
1.20298
1.2029
1.20282
1.20275
1.20267
1.20259
1.20252
1.20244
1.20237
1.20229
1.20222
1.20214
1.20207
1.20199
1.20191
1.20184
1.20175
1.20167
1.20159
1.2015
1.20141
1.20132
1.20123
1.20113
1.20103
1.20093
1.20082
1.20071
1.20059
1.20047
1.20035
1.20022
1.20008
1.19994
1.19979
1.19964
1.19948
1.19932
1.19915
1.19897
1.19879
1.1986
1.19841
1.19821
1.198
1.19779
1.19756
1.19734
1.1971
1.19687
1.19662
1.19637
1.19611
1.19585
1.19558
1.19531
1.19504
1.19476
1.19447
1.19418
1.19389
1.1936
1.1933
1.19301
1.19271
1.19241
1.19211
1.19182
1.19152
1.19123
1.19094
1.19065
1.19037
1.1901
1.18982
1.18956
1.1893
1.18905
1.18882
1.18858
1.18836
1.18816
1.18796
1.18777
1.1876
1.18744
1.1873
1.18717
1.18706
1.18696
1.18688
1.18681
1.18677
1.18674
1.18672
1.18673
1.18675
1.18679
1.18685
1.18693
1.18703
1.18714
1.18728
1.18743
1.1876
1.18778
1.18799
1.1882
1.18844
1.18869
1.18896
1.18924
1.18953
1.18984
1.19016
1.19049
1.19084
1.19119
1.19156
1.19193
1.19232
1.19271
1.19311
1.19351
1.19393
1.19434
1.19476
1.19519
1.19561
1.19604
1.19648
1.19691
1.19734
1.19777
1.19821
1.19864
1.19907
1.19949
1.19992
1.20034
1.20076
1.20117
1.20158
1.20198
1.20238
1.20277
1.20316
1.20354
1.20392
1.20429
1.20465
1.20501
1.20535
1.2057
1.20603
1.20636
1.20667
1.20699
1.20729
1.20759
1.20787
1.20815
1.20843
1.20869
1.20895
1.2092
1.20944
1.20967
1.2099
1.21012
1.21033
1.21054
1.21074
1.21093
1.21111
1.21129
1.21146
1.21162
1.21177
1.21192
1.21207
1.2122
1.21234
1.21246
1.21258
1.21269
1.2128
1.2129
1.213
1.21309
1.21318
1.21326
1.21334
1.21341
1.21348
1.21354
1.2136
1.21366
1.21371
1.21376
1.2138
1.21384
1.21388
1.21391
1.21394
1.21397
1.21399
1.21401
1.21403
1.21404
1.21405
1.21406
1.21407
1.21407
1.21407
1.21407
1.21407
1.21406
1.21405
1.21404
1.21403
1.21402
1.21401
1.21399
1.21397
1.21395
1.21393
1.2139
1.21388
1.21385
1.21383
1.2138
1.21377
1.21373
1.2137
1.21367
1.21363
1.21359
1.21356
1.21352
1.21348
1.21343
1.21339
1.21335
1.2133
1.21326
1.21321
1.21316
1.21312
1.21307
1.21302
1.21296
1.21291
1.21286
1.2128
1.21275
1.21269
1.21264
1.21258
1.21252
1.21246
1.2124
1.21233
1.21227
1.21221
1.21214
1.21208
1.21201
1.21194
1.21187
1.2118
1.21173
1.21166
1.21159
1.21151
1.21144
1.21136
1.21128
1.21121
1.21113
1.21105
1.21096
1.21088
1.2108
1.21071
1.21062
1.21054
1.21045
1.21036
1.21026
1.21017
1.21007
1.20998
1.20988
1.20978
1.20968
1.20958
1.20947
1.20937
1.20926
1.20915
1.20904
1.20893
1.20881
1.20869
1.20857
1.20845
1.20833
1.20821
1.20808
1.20795
1.20782
1.20768
1.20755
1.20741
1.20727
1.20712
1.20698
1.20683
1.20667
1.20652
1.20636
1.2062
1.20604
1.20587
1.2057
1.20553
1.20535
1.20517
1.20499
1.2048
1.20461
1.20442
1.20422
1.20402
1.20382
1.20361
1.20339
1.20318
1.20296
1.20273
1.2025
1.20227
1.20203
1.20179
1.20154
1.20129
1.20103
1.20077
1.20051
1.20024
1.19996
1.19968
1.1994
1.19911
1.19881
1.19851
1.19821
1.1979
1.19758
1.19726
1.19693
1.1966
1.19626
1.19592
1.19557
1.19522
1.19486
1.1945
1.19413
1.19376
1.19338
1.19299
1.1926
1.19221
1.19181
1.1914
1.19099
1.19058
1.19016
1.18974
1.18931
1.18888
1.18845
1.18801
1.18757
1.18712
1.18667
1.18622
1.18577
1.18532
1.18486
1.1844
1.18394
1.18348
1.18302
1.18256
1.1821
1.18164
1.18119
1.18073
1.18028
1.17983
1.17938
1.17893
1.1785
1.17806
1.17763
1.17721
1.17679
1.17638
1.17598
1.17559
1.17521
1.17483
1.17447
1.17411
1.17377
1.17344
1.17312
1.17281
1.17252
1.17224
1.17197
1.17172
1.17148
1.17126
1.17105
1.17086
1.17069
1.17053
1.17039
1.17027
1.17016
1.17007
1.17
1.16994
1.1699
1.16988
1.16988
1.16989
1.16992
1.16997
1.17003
1.17011
1.1702
1.17031
1.17043
1.17057
1.17072
1.17089
1.17107
1.17126
1.17147
1.17168
1.17191
1.17215
1.1724
1.17266
1.17292
1.1732
1.17348
1.17377
1.17407
1.17437
1.17468
1.17499
1.17531
1.17563
1.17595
1.17628
1.1766
1.17693
1.17726
1.17759
1.17793
1.17826
1.17859
1.17892
1.17924
1.17957
1.17989
1.18021
1.18053
1.18084
1.18115
1.18146
1.18176
1.18206
1.18236
1.18265
1.18293
1.18321
1.18348
1.18375
1.18402
1.18428
1.18453
1.18477
1.18502
1.18525
1.18548
1.1857
1.18592
1.18613
1.18634
1.18654
1.18674
1.18692
1.18711
1.18728
1.18746
1.18762
1.18778
1.18794
1.18809
1.18823
1.18837
1.1885
1.18863
1.18875
1.18887
1.18898
1.18909
1.1892
1.1893
1.18939
1.18948
1.18957
1.18965
1.18973
1.1898
1.18987
1.18994
1.19
1.19006
1.19012
1.19017
1.19022
1.19026
1.19031
1.19035
1.19038
1.19042
1.19045
1.19048
1.19051
1.19053
1.19056
1.19058
1.1906
1.19061
1.19063
1.19064
1.19065
1.19066
1.19067
1.19068
1.19069
1.19069
1.19069
1.1907
1.1907
1.1907
1.1907
1.1907
1.1907
1.1907
1.19069
1.19069
1.19069
1.19068
1.19068
1.19068
1.19067
1.19067
1.19066
1.19066
1.19065
1.19065
1.19064
1.19064
1.19064
1.19063
1.19063
1.19062
1.19062
1.19062
1.19062
1.19061
1.19061
1.19061
1.19061
1.19061
1.19061
1.19061
1.19061
1.19061
1.19062
1.19062
1.19062
1.19063
1.19063
1.19064
1.19064
1.19065
1.19066
1.19066
1.19067
1.19068
1.19069
1.1907
1.19071
1.19072
1.19073
1.19075
1.19076
1.19077
1.19079
1.1908
1.19082
1.19083
1.19085
1.19086
1.19088
1.1909
1.19092
1.19093
1.19095
1.19097
1.19099
1.19101
1.19103
1.19105
1.19107
1.19109
1.19112
1.19114
1.19116
1.19118
1.1912
1.19123
1.19125
1.19127
1.1913
1.19132
1.19134
1.19137
1.19139
1.19141
1.19144
1.19146
1.19148
1.19151
1.19153
1.19156
1.19158
1.1916
1.19163
1.19165
1.19167
1.1917
1.19172
1.19174
1.19177
1.19179
1.19181
1.19183
1.19185
1.19188
1.1919
1.19192
1.19194
1.19196
1.19198
1.192
1.19202
1.19204
1.19205
1.19207
1.19209
1.19211
1.19212
1.19214
1.19215
1.19217
1.19218
1.1922
1.19221
1.19222
1.19223
1.19224
1.19225
1.19226
1.19227
1.19228
1.19229
1.19229
1.1923
1.1923
1.19231
1.19231
1.19231
1.19231
1.19231
1.19231
1.19231
1.1923
1.1923
1.19229
1.19229
1.19228
1.19227
1.19226
1.19225
1.19224
1.19222
1.19221
1.19219
1.19218
1.19216
1.19214
1.19212
1.19209
1.19207
1.19204
1.19202
1.19199
1.19196
1.19192
1.19189
1.19186
1.19182
1.19178
1.19174
1.1917
1.19166
1.19162
1.19157
1.19152
1.19147
1.19142
1.19137
1.19132
1.19126
1.1912
1.19114
1.19108
1.19102
1.19096
1.19089
1.19082
1.19075
1.19068
1.19061
1.19054
1.19046
1.19038
1.19031
1.19023
1.19015
1.19006
1.18998
1.18989
1.18981
1.18972
1.18963
1.18954
1.18945
1.18935
1.18926
1.18916
1.18907
1.18897
1.18888
1.18878
1.18868
1.18858
1.18848
1.18838
1.18828
1.18818
1.18808
1.18798
1.18788
1.18778
1.18768
1.18758
1.18748
1.18738
1.18728
1.18718
1.18708
1.18699
1.18689
1.1868
1.1867
1.18661
1.18652
1.18643
1.18635
1.18626
1.18618
1.1861
1.18602
1.18594
1.18587
1.1858
1.18573
1.18566
1.18559
1.18553
1.18547
1.18542
1.18536
1.18531
1.18527
1.18522
1.18518
1.18514
1.18511
1.18508
1.18505
1.18503
1.18501
1.18499
1.18498
1.18497
1.18496
1.18496
1.18496
1.18496
1.18497
1.18498
1.185
1.18501
1.18503
1.18506
1.18509
1.18512
1.18515
1.18519
1.18523
1.18528
1.18532
1.18537
1.18542
1.18548
1.18554
1.1856
1.18566
1.18572
1.18579
1.18586
1.18593
1.18601
1.18608
1.18616
1.18624
1.18632
1.1864
1.18648
1.18657
1.18665
1.18674
1.18683
1.18691
1.187
1.18709
1.18718
1.18727
1.18736
1.18746
1.18755
1.18764
1.18773
1.18782
1.18791
1.188
1.18809
1.18818
1.18827
1.18836
1.18844
1.18853
1.18861
1.1887
1.18878
1.18886
1.18894
1.18902
1.1891
1.18918
1.18925
1.18933
1.1894
1.18947
1.18954
1.18961
1.18967
1.18974
1.1898
1.18986
1.18991
1.18997
1.19002
1.19007
1.19012
1.19017
1.19021
1.19025
1.19029
1.19032
1.19036
1.19039
1.19041
1.19044
1.19046
1.19048
1.1905
1.19051
1.19052
1.19052
1.19052
1.19052
1.19052
1.19051
1.1905
1.19048
1.19046
1.19044
1.19041
1.19038
1.19034
1.1903
1.19026
1.19021
1.19016
1.1901
1.19003
1.18996
1.18989
1.18981
1.18973
1.18964
1.18954
1.18944
1.18934
1.18923
1.18911
1.18898
1.18885
1.18872
1.18858
1.18843
1.18827
1.18811
1.18794
1.18776
1.18758
1.18739
1.18719
1.18699
1.18678
1.18656
1.18633
1.18609
1.18585
1.1856
1.18534
1.18507
1.1848
1.18451
1.18422
1.18392
1.18361
1.1833
1.18297
1.18264
1.18229
1.18194
1.18158
1.18121
1.18083
1.18045
1.18005
1.17965
1.17924
1.17881
1.17838
1.17794
1.1775
1.17704
1.17658
1.1761
1.17562
1.17513
1.17463
1.17413
1.17361
1.17309
1.17256
1.17203
1.17148
1.17093
1.17038
1.16981
1.16924
1.16867
1.16809
1.1675
1.16691
1.16631
1.16571
1.1651
1.16449
1.16388
1.16327
1.16265
1.16203
1.16141
1.16078
1.16016
1.15954
1.15891
1.15829
1.15767
1.15706
1.15644
1.15583
1.15522
1.15462
1.15402
1.15343
1.15285
1.15227
1.1517
1.15114
1.15059
1.15005
1.14952
1.149
1.1485
1.14801
1.14753
1.14707
1.14662
1.14619
1.14577
1.14537
1.14499
1.14463
1.14429
1.14397
1.14367
1.14338
1.14313
1.14289
1.14267
1.14248
1.14231
1.14216
1.14204
1.14194
1.14187
1.14182
1.1418
1.1418
1.14182
1.14187
1.14195
1.14205
1.14217
1.14232
1.14249
1.14269
1.14291
1.14315
1.14342
1.14371
1.14402
1.14436
1.14471
1.14509
1.14549
1.1459
1.14634
1.14679
1.14727
1.14776
1.14826
1.14879
1.14933
1.14988
1.15045
1.15103
1.15162
1.15222
1.15284
1.15347
1.1541
1.15475
1.1554
1.15606
1.15673
1.15741
1.15809
1.15877
1.15946
1.16015
1.16085
1.16155
1.16225
1.16295
1.16366
1.16436
1.16506
1.16577
1.16647
1.16717
1.16786
1.16856
1.16925
1.16994
1.17062
1.1713
1.17198
1.17265
1.17331
1.17397
1.17463
1.17528
1.17592
1.17655
1.17718
1.1778
1.17842
1.17902
1.17962
1.18021
1.18079
1.18137
1.18193
1.18249
1.18304
1.18358
1.18411
1.18464
1.18515
1.18566
1.18615
1.18664
1.18712
1.18759
1.18805
1.1885
1.18894
1.18938
1.1898
1.19022
1.19062
1.19102
1.19141
1.19179
1.19216
1.19252
1.19288
1.19322
1.19356
1.19388
1.1942
1.19451
1.19482
1.19511
1.1954
1.19567
1.19594
1.1962
1.19646
1.1967
1.19694
1.19717
1.1974
1.19761
1.19782
1.19802
1.19822
1.1984
1.19858
1.19876
1.19892
1.19908
1.19924
1.19938
1.19953
1.19966
1.19979
1.19991
1.20003
1.20014
1.20024
1.20034
1.20044
1.20052
1.20061
1.20069
1.20076
1.20083
1.20089
1.20095
1.201
1.20105
1.20109
1.20113
1.20117
1.2012
1.20122
1.20124
1.20126
1.20128
1.20129
1.20129
1.2013
1.20129
1.20129
1.20128
1.20127
1.20125
1.20124
1.20122
1.20119
1.20116
1.20113
1.2011
1.20106
1.20102
1.20098
1.20094
1.20089
1.20084
1.20079
1.20073
1.20068
1.20062
1.20056
1.20049
1.20043
1.20036
1.20029
1.20022
1.20015
1.20007
1.2
1.19992
1.19984
1.19975
1.19967
1.19959
1.1995
1.19941
1.19932
1.19923
1.19914
1.19905
1.19896
1.19886
1.19876
1.19867
1.19857
1.19847
1.19837
1.19827
1.19817
1.19806
1.19796
1.19786
1.19775
1.19765
1.19754
1.19743
1.19733
1.19722
1.19711
1.197
1.1969
1.19679
1.19668
1.19657
1.19646
1.19635
1.19624
1.19613
1.19602
1.19591
1.1958
1.19569
1.19558
1.19548
1.19537
1.19526
1.19515
1.19505
1.19494
1.19483
1.19473
1.19463
1.19452
1.19442
1.19432
1.19422
1.19412
1.19402
1.19392
1.19383
1.19373
1.19364
1.19355
1.19346
1.19337
1.19328
1.1932
1.19311
1.19303
1.19295
1.19288
1.1928
1.19273
1.19266
1.19259
1.19252
1.19246
1.1924
1.19234
1.19229
1.19223
1.19218
1.19214
1.19209
1.19205
1.19202
1.19198
1.19195
1.19192
1.1919
1.19187
1.19186
1.19184
1.19183
1.19182
1.19182
1.19182
1.19182
1.19182
1.19183
1.19185
1.19186
1.19188
1.19191
1.19193
1.19196
1.19199
1.19203
1.19207
1.19211
1.19216
1.19221
1.19226
1.19231
1.19237
1.19243
1.19249
1.19256
1.19263
1.19269
1.19277
1.19284
1.19292
1.19299
1.19307
1.19315
1.19323
1.19331
1.1934
1.19348
1.19357
1.19365
1.19374
1.19382
1.19391
1.19399
1.19408
1.19416
1.19424
1.19432
1.1944
1.19448
1.19456
1.19464
1.19471
1.19478
1.19485
1.19492
1.19498
1.19504
1.1951
1.19515
1.1952
1.19525
1.19529
1.19533
1.19536
1.19539
1.19541
1.19543
1.19545
1.19546
1.19546
1.19546
1.19546
1.19544
1.19542
1.1954
1.19537
1.19533
1.19529
1.19524
1.19518
1.19512
1.19505
1.19497
1.19489
1.19479
1.1947
1.19459
1.19448
1.19436
1.19423
1.19409
1.19395
1.1938
1.19364
1.19348
1.19331
1.19313
1.19294
1.19275
1.19255
1.19234
1.19212
1.1919
1.19167
1.19143
1.19119
1.19094
1.19069
1.19042
1.19016
1.18988
1.1896
1.18932
1.18902
1.18873
1.18843
1.18812
1.18781
1.18749
1.18718
1.18685
1.18653
1.1862
1.18587
1.18553
1.1852
1.18486
1.18452
1.18418
1.18383
1.18349
1.18315
1.1828
1.18246
1.18212
1.18178
1.18144
1.18111
1.18078
1.18044
1.18012
1.17979
1.17947
1.17916
1.17885
1.17855
1.17825
1.17795
1.17767
1.17739
1.17711
1.17685
1.17659
1.17634
1.1761
1.17586
1.17564
1.17543
1.17522
1.17503
1.17484
1.17466
1.1745
1.17435
1.1742
1.17407
1.17395
1.17384
1.17374
1.17365
1.17357
1.17351
1.17345
1.17341
1.17338
1.17336
1.17335
1.17336
1.17337
1.1734
1.17344
1.17349
1.17355
1.17362
1.1737
1.17379
1.17389
1.174
1.17412
1.17425
1.17439
1.17454
1.1747
1.17487
1.17505
1.17523
1.17542
1.17562
1.17583
1.17605
1.17627
1.1765
1.17673
1.17697
1.17722
1.17748
1.17773
1.178
1.17827
1.17854
1.17882
1.1791
1.17938
1.17967
1.17996
1.18026
1.18056
1.18086
1.18116
1.18147
1.18178
1.18209
1.1824
1.18271
1.18303
1.18334
1.18366
1.18398
1.18429
1.18461
1.18493
1.18525
1.18557
1.18589
1.18621
1.18652
1.18684
1.18716
1.18747
1.18779
1.1881
1.18842
1.18873
1.18904
1.18935
1.18966
1.18997
1.19027
1.19057
1.19088
1.19118
1.19147
1.19177
1.19206
1.19235
1.19264
1.19293
1.19322
1.1935
1.19378
1.19406
1.19433
1.1946
1.19487
1.19514
1.1954
1.19566
1.19592
1.19618
1.19643
1.19668
1.19693
1.19717
1.19741
1.19764
1.19788
1.19811
1.19833
1.19856
1.19878
1.19899
1.19921
1.19942
1.19962
1.19982
1.20002
1.20022
1.20041
1.20059
1.20078
1.20096
1.20113
1.2013
1.20147
1.20163
1.20179
1.20195
1.2021
1.20225
1.20239
1.20253
1.20266
1.20279
1.20291
1.20303
1.20315
1.20326
1.20337
1.20347
1.20357
1.20366
1.20375
1.20383
1.20391
1.20398
1.20405
1.20412
1.20417
1.20423
1.20428
1.20432
1.20436
1.20439
1.20442
1.20444
1.20445
1.20447
1.20447
1.20447
1.20447
1.20445
1.20444
1.20442
1.20439
1.20436
1.20432
1.20427
1.20422
1.20416
1.2041
1.20403
1.20396
1.20388
1.2038
1.20371
1.20361
1.20351
1.2034
1.20329
1.20317
1.20304
1.20291
1.20278
1.20264
1.20249
1.20234
1.20218
1.20202
1.20185
1.20168
1.2015
1.20132
1.20113
1.20094
1.20075
1.20055
1.20035
1.20014
1.19993
1.19971
1.1995
1.19928
1.19905
1.19883
1.1986
1.19837
1.19813
1.1979
1.19766
1.19742
1.19718
1.19694
1.1967
1.19646
1.19622
1.19598
1.19574
1.1955
1.19526
1.19502
1.19478
1.19455
1.19432
1.19409
1.19386
1.19363
1.19341
1.19319
1.19298
1.19277
1.19256
1.19236
1.19216
1.19197
1.19178
1.1916
1.19143
1.19125
1.19109
1.19093
1.19077
1.19063
1.19049
1.19035
1.19022
1.1901
1.18998
1.18987
1.18977
1.18967
1.18958
1.1895
1.18942
1.18935
1.18929
1.18923
1.18917
1.18913
1.18908
1.18905
1.18902
1.18899
1.18897
1.18895
1.18894
1.18893
1.18892
1.18892
1.18892
1.18893
1.18894
1.18894
1.18896
1.18897
1.18898
1.18899
1.18901
1.18902
1.18904
1.18905
1.18906
1.18907
1.18908
1.18909
1.18909
1.18909
1.18908
1.18908
1.18906
1.18904
1.18902
1.18899
1.18896
1.18891
1.18886
1.1888
1.18874
1.18866
1.18858
1.18849
1.18839
1.18827
1.18815
1.18802
1.18787
1.18772
1.18755
1.18737
1.18717
1.18696
1.18674
1.18651
1.18626
1.186
1.18573
1.18543
1.18513
1.18481
1.18447
1.18412
1.18376
1.18338
1.18298
1.18257
1.18215
1.18171
1.18125
1.18078
1.1803
1.1798
1.17929
1.17877
1.17823
1.17769
1.17713
1.17656
1.17598
1.17539
1.17479
1.17419
1.17358
1.17296
1.17234
1.17172
1.1711
1.17047
1.16984
1.16922
1.1686
1.16798
1.16737
1.16677
1.16617
1.16559
1.16502
1.16446
1.16391
1.16338
1.16287
1.16237
1.1619
1.16144
1.16101
1.16061
1.16022
1.15986
1.15953
1.15923
1.15895
1.1587
1.15848
1.15829
1.15812
1.15799
1.15789
1.15782
1.15777
1.15776
1.15778
1.15782
1.15789
1.15799
1.15812
1.15827
1.15845
1.15865
1.15888
1.15913
1.1594
1.15969
1.16
1.16032
1.16067
1.16103
1.16141
1.1618
1.1622
1.16261
1.16304
1.16347
1.16391
1.16436
1.16482
1.16528
1.16575
1.16622
1.16669
1.16716
1.16764
1.16812
1.1686
1.16907
1.16955
1.17003
1.1705
1.17097
1.17144
1.1719
1.17237
1.17283
1.17328
1.17373
1.17418
1.17462
1.17505
1.17548
1.17591
1.17633
1.17675
1.17716
1.17756
1.17796
1.17836
1.17875
1.17913
1.17951
1.17988
1.18025
1.18061
1.18096
1.18131
1.18166
1.182
1.18233
1.18266
1.18298
1.18329
1.1836
1.18391
1.18421
1.1845
1.18479
1.18507
1.18535
1.18562
1.18588
1.18614
1.1864
1.18665
1.18689
1.18713
1.18737
1.18759
1.18782
1.18803
1.18825
1.18846
1.18866
1.18885
1.18905
1.18923
1.18942
1.1896
1.18977
1.18994
1.1901
1.19026
1.19042
1.19057
1.19071
1.19086
1.19099
1.19113
1.19126
1.19139
1.19151
1.19163
1.19175
1.19186
1.19197
1.19208
1.19218
1.19228
1.19238
1.19247
1.19257
1.19266
1.19275
1.19283
1.19292
1.193
1.19308
1.19316
1.19323
1.19331
1.19338
1.19345
1.19352
1.19359
1.19366
1.19373
1.19379
1.19386
1.19392
1.19399
1.19405
1.19412
1.19418
1.19424
1.1943
1.19436
1.19442
1.19448
1.19454
1.1946
1.19466
1.19472
1.19478
1.19484
1.1949
1.19496
1.19502
1.19508
1.19514
1.1952
1.19526
1.19532
1.19538
1.19544
1.1955
1.19556
1.19562
1.19568
1.19574
1.1958
1.19586
1.19592
1.19598
1.19603
1.19609
1.19615
1.19621
1.19627
1.19632
1.19638
1.19644
1.19649
1.19655
1.1966
1.19666
1.19671
1.19676
1.19682
1.19687
1.19692
1.19697
1.19702
1.19707
1.19711
1.19716
1.19721
1.19725
1.1973
1.19734
1.19738
1.19742
1.19746
1.1975
1.19754
1.19758
1.19761
1.19765
1.19768
1.19771
1.19774
1.19777
1.1978
1.19783
1.19785
1.19788
1.1979
1.19792
1.19794
1.19796
1.19798
1.198
1.19802
1.19803
1.19804
1.19806
1.19807
1.19808
1.19809
1.19809
1.1981
1.1981
1.19811
1.19811
1.19811
1.19811
1.19811
1.19811
1.1981
1.1981
1.19809
1.19808
1.19808
1.19807
1.19806
1.19804
1.19803
1.19802
1.198
1.19799
1.19797
1.19795
1.19793
1.19791
1.19789
1.19787
1.19785
1.19783
1.1978
1.19778
1.19775
1.19772
1.1977
1.19767
1.19764
1.19761
1.19758
1.19755
1.19752
1.19749
1.19745
1.19742
1.19739
1.19735
1.19732
1.19729
1.19725
1.19721
1.19718
1.19714
1.19711
1.19707
1.19703
1.197
1.19696
1.19692
1.19688
1.19685
1.19681
1.19677
1.19673
1.1967
1.19666
1.19662
1.19659
1.19655
1.19651
1.19648
1.19644
1.19641
1.19637
1.19634
1.19631
1.19627
1.19624
1.19621
1.19618
1.19615
1.19612
1.19609
1.19607
1.19604
1.19602
1.19599
1.19597
1.19595
1.19593
1.19591
1.19589
1.19587
1.19586
1.19584
1.19583
1.19582
1.19581
1.1958
1.19579
1.19579
1.19579
1.19578
1.19579
1.19579
1.19579
1.1958
1.19581
1.19582
1.19583
1.19584
1.19586
1.19588
1.1959
1.19592
1.19595
1.19597
1.196
1.19603
1.19607
1.1961
1.19614
1.19618
1.19623
1.19627
1.19632
1.19637
1.19642
1.19647
1.19653
1.19659
1.19665
1.19671
1.19678
1.19685
1.19692
1.19699
1.19707
1.19714
1.19722
1.1973
1.19739
1.19747
1.19756
1.19765
1.19774
1.19783
1.19793
1.19802
1.19812
1.19822
1.19832
1.19842
1.19853
1.19864
1.19874
1.19885
1.19896
1.19907
1.19918
1.1993
1.19941
1.19953
1.19964
1.19976
1.19987
1.19999
1.20011
1.20023
1.20035
1.20047
1.20058
1.2007
1.20082
1.20094
1.20106
1.20118
1.2013
1.20141
1.20153
1.20165
1.20176
1.20188
1.20199
1.20211
1.20222
1.20233
1.20244
1.20254
1.20265
1.20276
1.20286
1.20296
1.20306
1.20316
1.20325
1.20335
1.20344
1.20353
1.20361
1.2037
1.20378
1.20386
1.20393
1.20401
1.20408
1.20415
1.20421
1.20427
1.20433
1.20439
1.20444
1.20449
1.20453
1.20457
1.20461
1.20464
1.20467
1.2047
1.20472
1.20474
1.20475
1.20476
1.20477
1.20477
1.20476
1.20476
1.20474
1.20473
1.20471
1.20468
1.20465
1.20462
1.20458
1.20454
1.20449
1.20443
1.20438
1.20431
1.20425
1.20417
1.2041
1.20401
1.20393
1.20384
1.20374
1.20364
1.20353
1.20342
1.20331
1.20319
1.20306
1.20293
1.2028
1.20266
1.20251
1.20237
1.20222
1.20206
1.2019
1.20173
1.20157
1.20139
1.20122
1.20104
1.20085
1.20066
1.20047
1.20028
1.20008
1.19988
1.19968
1.19947
1.19926
1.19905
1.19884
1.19862
1.1984
1.19818
1.19796
1.19773
1.19751
1.19728
1.19705
1.19682
1.19659
1.19636
1.19613
1.1959
1.19567
1.19543
1.1952
1.19497
1.19474
1.19451
1.19428
1.19405
1.19382
1.1936
1.19337
1.19315
1.19292
1.1927
1.19248
1.19227
1.19205
1.19184
1.19163
1.19142
1.19122
1.19101
1.19081
1.19062
1.19042
1.19023
1.19004
1.18985
1.18967
1.18949
1.18932
1.18914
1.18897
1.1888
1.18864
1.18848
1.18832
1.18817
1.18802
1.18787
1.18773
1.18759
1.18745
1.18732
1.18719
1.18706
1.18694
1.18682
1.18671
1.1866
1.18649
1.18638
1.18628
1.18618
1.18609
1.186
1.18591
1.18583
1.18575
1.18568
1.18561
1.18554
1.18547
1.18542
1.18536
1.18531
1.18526
1.18522
1.18518
1.18514
1.18511
1.18508
1.18506
1.18504
1.18503
1.18502
1.18502
1.18502
1.18502
1.18503
1.18505
1.18507
1.18509
1.18512
1.18515
1.18519
1.18523
1.18528
1.18534
1.1854
1.18546
1.18553
1.1856
1.18568
1.18576
1.18585
1.18594
1.18604
1.18614
1.18625
1.18636
1.18648
1.1866
1.18673
1.18686
1.18699
1.18713
1.18727
1.18742
1.18757
1.18773
1.18788
1.18804
1.18821
1.18837
1.18854
1.18871
1.18889
1.18906
1.18924
1.18942
1.1896
1.18978
1.18996
1.19015
1.19033
1.19051
1.19069
1.19087
1.19105
1.19123
1.1914
1.19157
1.19174
1.19191
1.19207
1.19223
1.19238
1.19253
1.19268
1.19281
1.19294
1.19307
1.19318
1.19329
1.19339
1.19348
1.19357
1.19364
1.1937
1.19375
1.19379
1.19382
1.19383
1.19384
1.19382
1.1938
1.19376
1.19371
1.19364
1.19355
1.19345
1.19333
1.1932
1.19305
1.19288
1.19269
1.19249
1.19226
1.19202
1.19176
1.19148
1.19118
1.19087
1.19053
1.19018
1.18981
1.18942
1.18901
1.18859
1.18815
1.18769
1.18722
1.18673
1.18623
1.18572
1.18519
1.18465
1.18411
1.18355
1.18299
1.18242
1.18185
1.18127
1.18069
1.18012
1.17954
1.17897
1.17841
1.17785
1.1773
1.17677
1.17625
1.17574
1.17525
1.17479
1.17434
1.17391
1.17352
1.17314
1.1728
1.17249
1.1722
1.17195
1.17174
1.17156
1.17141
1.1713
1.17123
1.1712
1.1712
1.17124
1.17132
1.17144
1.1716
1.17179
1.17202
1.17228
1.17259
1.17292
1.17329
1.17369
1.17412
1.17458
1.17507
1.17559
1.17613
1.17669
1.17728
1.17788
1.17851
1.17915
1.17981
1.18048
1.18116
1.18186
1.18257
1.18328
1.184
1.18473
1.18546
1.1862
1.18694
1.18768
1.18842
1.18916
1.1899
1.19064
1.19137
1.19211
1.19283
1.19356
1.19428
1.19499
1.1957
1.1964
1.1971
1.19779
1.19847
1.19915
1.19982
1.20048
1.20114
1.20178
1.20242
1.20305
1.20368
1.20429
1.2049
1.2055
1.20609
1.20667
1.20725
1.20782
1.20838
1.20893
1.20947
1.21
1.21053
1.21105
1.21155
1.21205
1.21255
1.21303
1.2135
1.21397
1.21443
1.21487
1.21531
1.21574
1.21617
1.21658
1.21698
1.21738
1.21777
1.21814
1.21851
1.21887
1.21922
1.21956
1.21989
1.22022
1.22053
1.22084
1.22113
1.22142
1.2217
1.22196
1.22222
1.22247
1.22272
1.22295
1.22317
1.22339
1.22359
1.22379
1.22398
1.22416
1.22433
1.2245
1.22465
1.2248
1.22493
1.22506
1.22519
1.2253
1.22541
1.2255
1.22559
1.22568
1.22575
1.22582
1.22588
1.22593
1.22598
1.22602
1.22605
1.22607
1.22609
1.2261
1.22611
1.22611
1.2261
1.22609
1.22607
1.22604
1.22601
1.22598
1.22594
1.22589
1.22584
1.22578
1.22572
1.22566
1.22559
1.22551
1.22543
1.22535
1.22526
1.22517
1.22508
1.22498
1.22488
1.22478
1.22467
1.22456
1.22445
1.22434
1.22422
1.2241
1.22398
1.22386
1.22373
1.22361
1.22348
1.22335
1.22323
1.2231
1.22297
1.22284
1.2227
1.22257
1.22244
1.22231
1.22218
1.22205
1.22192
1.22179
1.22167
1.22154
1.22141
1.22129
1.22117
1.22105
1.22093
1.22081
1.22069
1.22058
1.22047
1.22036
1.22025
1.22015
1.22004
1.21994
1.21985
1.21975
1.21966
1.21957
1.21948
1.2194
1.21932
1.21924
1.21916
1.21909
1.21902
1.21895
1.21889
1.21883
1.21877
1.21871
1.21866
1.2186
1.21855
1.21851
1.21846
1.21842
1.21838
1.21834
1.2183
1.21826
1.21823
1.21819
1.21816
1.21813
1.2181
1.21807
1.21804
1.21801
1.21798
1.21795
1.21792
1.21789
1.21786
1.21783
1.2178
1.21777
1.21773
1.2177
1.21766
1.21762
1.21758
1.21754
1.21749
1.21744
1.21739
1.21734
1.21728
1.21722
1.21715
1.21708
1.21701
1.21693
1.21685
1.21676
1.21667
1.21657
1.21647
1.21636
1.21624
1.21612
1.21599
1.21586
1.21572
1.21558
1.21542
1.21526
1.21509
1.21492
1.21473
1.21454
1.21434
1.21414
1.21392
1.2137
1.21346
1.21322
1.21297
1.21271
1.21244
1.21217
1.21188
1.21158
1.21128
1.21096
1.21064
1.2103
1.20996
1.2096
1.20924
1.20887
1.20848
1.20809
1.20769
1.20728
1.20685
1.20642
1.20598
1.20554
1.20508
1.20461
1.20414
1.20366
1.20317
1.20267
1.20217
1.20166
1.20115
1.20062
1.2001
1.19957
1.19904
1.1985
1.19796
1.19742
1.19688
1.19633
1.19579
1.19525
1.19472
1.19418
1.19365
1.19313
1.19261
1.1921
1.19159
1.1911
1.19061
1.19014
1.18968
1.18924
1.1888
1.18839
1.18799
1.18761
1.18725
1.1869
1.18658
1.18628
1.18601
1.18575
1.18552
1.18532
1.18514
1.18498
1.18486
1.18476
1.18468
1.18464
1.18462
1.18463
1.18467
1.18474
1.18483
1.18495
1.1851
1.18528
1.18548
1.18571
1.18597
1.18625
1.18655
1.18688
1.18723
1.1876
1.188
1.18841
1.18884
1.18929
1.18976
1.19024
1.19074
1.19126
1.19178
1.19232
1.19287
1.19342
1.19399
1.19456
1.19514
1.19573
1.19632
1.19692
1.19751
1.19811
1.19871
1.19931
1.19991
1.20051
1.20111
1.20171
1.2023
1.20289
1.20347
1.20405
1.20463
1.20519
1.20576
1.20632
1.20687
1.20741
1.20795
1.20848
1.209
1.20951
1.21002
1.21052
1.21101
1.21149
1.21197
1.21243
1.21289
1.21334
1.21378
1.21422
1.21465
1.21506
1.21547
1.21588
1.21627
1.21666
1.21704
1.21741
1.21778
1.21813
1.21848
1.21883
1.21917
1.2195
1.21982
1.22014
1.22045
1.22075
1.22105
1.22135
1.22163
1.22191
1.22219
1.22246
1.22273
1.22299
1.22324
1.22349
1.22374
1.22398
1.22422
1.22445
1.22468
1.2249
1.22512
1.22534
1.22555
1.22576
1.22596
1.22616
1.22636
1.22655
1.22674
1.22693
1.22711
1.22729
1.22747
1.22764
1.22781
1.22798
1.22814
1.22831
1.22846
1.22862
1.22877
1.22892
1.22907
1.22921
1.22935
1.22949
1.22963
1.22976
1.2299
1.23002
1.23015
1.23027
1.23039
1.23051
1.23063
1.23074
1.23085
1.23096
1.23107
1.23117
1.23127
1.23137
1.23147
1.23156
1.23165
1.23174
1.23183
1.23191
1.23199
1.23207
1.23215
1.23222
1.23229
1.23236
1.23243
1.23249
1.23255
1.23261
1.23267
1.23272
1.23277
1.23282
1.23287
1.23291
1.23295
1.23299
1.23303
1.23306
1.23309
1.23311
1.23314
1.23316
1.23318
1.2332
1.23321
1.23322
1.23323
1.23323
1.23323
1.23323
1.23323
1.23322
1.23321
1.23319
1.23318
1.23316
1.23313
1.23311
1.23308
1.23305
1.23301
1.23297
1.23293
1.23288
1.23283
1.23278
1.23272
1.23266
1.2326
1.23253
1.23246
1.23238
1.2323
1.23222
1.23213
1.23204
1.23195
1.23185
1.23175
1.23164
1.23153
1.23141
1.23129
1.23117
1.23104
1.23091
1.23077
1.23063
1.23048
1.23033
1.23018
1.23002
1.22985
1.22968
1.22951
1.22933
1.22915
1.22896
1.22876
1.22856
1.22836
1.22815
1.22794
1.22772
1.2275
1.22727
1.22703
1.22679
1.22655
1.2263
1.22605
1.22579
1.22552
1.22526
1.22498
1.2247
1.22442
1.22413
1.22384
1.22355
1.22325
1.22294
1.22263
1.22232
1.222
1.22168
1.22136
1.22103
1.2207
1.22037
1.22003
1.2197
1.21936
1.21902
1.21867
1.21833
1.21798
1.21764
1.21729
1.21694
1.2166
1.21625
1.21591
1.21557
1.21522
1.21489
1.21455
1.21422
1.21389
1.21356
1.21324
1.21292
1.21261
1.2123
1.212
1.21171
1.21142
1.21114
1.21087
1.21061
1.21035
1.2101
1.20986
1.20964
1.20942
1.20921
1.20901
1.20882
1.20864
1.20848
1.20832
1.20818
1.20805
1.20793
1.20783
1.20773
1.20765
1.20758
1.20752
1.20747
1.20744
1.20742
1.20741
1.20742
1.20743
1.20746
1.2075
1.20755
1.20761
1.20768
1.20776
1.20786
1.20796
1.20807
1.2082
1.20833
1.20847
1.20862
1.20877
1.20894
1.20911
1.20929
1.20947
1.20967
1.20986
1.21006
1.21027
1.21048
1.2107
1.21092
1.21114
1.21136
1.21159
1.21182
1.21205
1.21228
1.21252
1.21275
1.21298
1.21322
1.21345
1.21368
1.21391
1.21414
1.21437
1.2146
1.21482
1.21504
1.21526
1.21547
1.21568
1.21589
1.21609
1.21629
1.21649
1.21668
1.21686
1.21704
1.21722
1.21739
1.21756
1.21771
1.21787
1.21802
1.21816
1.21829
1.21842
1.21854
1.21866
1.21877
1.21887
1.21896
1.21905
1.21913
1.2192
1.21927
1.21932
1.21937
1.21942
1.21945
1.21947
1.21949
1.2195
1.2195
1.21949
1.21947
1.21945
1.21941
1.21937
1.21932
1.21926
1.21919
1.21911
1.21902
1.21892
1.21881
1.2187
1.21857
1.21843
1.21829
1.21813
1.21797
1.2178
1.21761
1.21742
1.21722
1.21701
1.21679
1.21656
1.21632
1.21607
1.21582
1.21555
1.21528
1.215
1.21471
1.21441
1.21411
1.21379
1.21347
1.21315
1.21281
1.21248
1.21213
1.21178
1.21142
1.21106
1.2107
1.21033
1.20996
1.20958
1.20921
1.20883
1.20845
1.20807
1.20768
1.2073
1.20692
1.20654
1.20616
1.20579
1.20542
1.20505
1.20469
1.20433
1.20397
1.20363
1.20329
1.20295
1.20262
1.20231
1.202
1.20169
1.2014
1.20112
1.20085
1.20059
1.20034
1.2001
1.19987
1.19965
1.19945
1.19925
1.19907
1.1989
1.19874
1.1986
1.19847
1.19835
1.19824
1.19814
1.19805
1.19798
1.19792
1.19787
1.19782
1.19779
1.19777
1.19776
1.19776
1.19777
1.19779
1.19781
1.19785
1.19789
1.19794
1.19799
1.19806
1.19812
1.1982
1.19828
1.19837
1.19846
1.19855
1.19865
1.19875
1.19886
1.19897
1.19908
1.1992
1.19932
1.19944
1.19956
1.19969
1.19982
1.19995
1.20008
1.20021
1.20035
1.20048
1.20062
1.20076
1.2009
1.20105
1.20119
1.20134
1.20148
1.20163
1.20178
1.20194
1.20209
1.20225
1.2024
1.20256
1.20272
1.20289
1.20305
1.20322
1.20339
1.20356
1.20373
1.2039
1.20408
1.20426
1.20444
1.20462
1.2048
1.20499
1.20518
1.20537
1.20556
1.20575
1.20595
1.20614
1.20634
1.20654
1.20674
1.20694
1.20714
1.20734
1.20755
1.20775
1.20796
1.20816
1.20837
1.20857
1.20878
1.20898
1.20918
1.20939
1.20959
1.20979
1.20999
1.21019
1.21039
1.21058
1.21078
1.21097
1.21116
1.21135
1.21153
1.21172
1.2119
1.21207
1.21225
1.21242
1.21259
1.21275
1.21292
1.21308
1.21323
1.21338
1.21353
1.21367
1.21381
1.21395
1.21408
1.21421
1.21433
1.21445
1.21456
1.21467
1.21478
1.21488
1.21498
1.21507
1.21516
1.21524
1.21532
1.21539
1.21546
1.21552
1.21558
1.21563
1.21568
1.21572
1.21576
1.21579
1.21582
1.21585
1.21586
1.21588
1.21588
1.21589
1.21588
1.21588
1.21587
1.21585
1.21582
1.2158
1.21576
1.21573
1.21568
1.21563
1.21558
1.21552
1.21546
1.21539
1.21532
1.21524
1.21515
1.21506
1.21497
1.21487
1.21477
1.21466
1.21454
1.21442
1.2143
1.21417
1.21404
1.2139
1.21375
1.2136
1.21345
1.21329
1.21313
1.21296
1.21279
1.21261
1.21243
1.21225
1.21206
1.21186
1.21166
1.21146
1.21125
1.21104
1.21082
1.2106
