85.14
98.9
87.92
105.1
137.16
85.74
99.54
95.92
121.64
93.22
79.1
85.02
90.42
99.06
121.22
99.92
88.56
102.92
120.98
86.22
116.78
123.8
92.56
98.02
102.34
92.34
103.16
79.44
123.34
88.9
90.88
106.58
94.46
101.5
85.52
105
133.22
96.64
95.16
102.76
107.68
113.9
115.6
113.24
109.42
115.5
104.76
106.86
92.06
132.08
100.28
105.66
99.08
81.88
102.14
88.8
94.56
91.84
108.66
120.68
85.96
85.92
86.64
94
88.9
107.42
102.5
113.28
118.88
94.4
90.5
88.86
89.36
75.46
90.92
87.54
84.2
116.44
126.02
89.98
97.86
84.8
100.22
82.34
78.96
87.86
126.68
83.14
108.58
117.26
116.42
81.04
97.44
79.22
99.66
100.22
95.24
89.88
108.24
118.34
97.96
98.52
77.62
106.42
93.26
96.8
113.86
98.06
100.76
105.24
69.2
76.52
84.38
101.04
110.3
87.86
85.2
93.92
87.76
91.86
100.02
76.86
107.6
77.5
106.92
125.9
117.38
103.8
113.84
112.8
76.74
91.3
120.8
86.62
92.7
83.24
101.94
108.96
103.66
83.74
74.58
123.32
87.58
96.06
89.06
115.52
94.1
95.82
103.76
95.76
101.02
114.5
93.82
101.42
96.22
77.24
79.38
97.16
97.72
96.28
115.16
105.98
97.44
120.86
129.36
134.76
97.52
99.32
120.22
75.8
78.16
79.92
87.38
106.7
114.28
105.44
136.72
95.3
86.54
103.28
110.64
77.22
135.66
113.5
137.98
90.54
83.92
86.84
107.08
112.46
78.58
106.98
108.3
111.04
85.08
139.78
87.22
98.9
86.9
100.66
80.76
84.32
89.84
96.12
91.62
98.6
93.04
120.3
92.16
106.14
103.04
109.94
77.9
117.4
97.22
103.82
92.02
84.84
119.92
96.76
77.24
113.24
114.02
113.78
120.38
90.78
90.8
117.88
130.32
97.28
76.96
89.9
113.58
100.52
92.1
90.12
112.34
104.96
78.84
120.98
89.62
94.72
107.32
95.28
107.52
105.94
111.16
94.76
109.4
125.26
100.32
89.62
94.34
81.6
102.24
99.02
110.52
94.34
102.14
105.76
82.48
108.16
106.24
105.98
100.84
100.86
82.68
97.24
101.86
84.78
123.68
85.68
94.78
99.46
119.92
102.04
95.44
122.96
122.98
103.54
89.8
83.54
92.36
82.22
88.78
88.5
103.48
111.3
109.48
90.4
88.02
94.8
95.2
84.1
89.42
112.1
95.44
104.26
111.52
101.52
100.54
101.96
91
107.14
91.94
97.06
108.12
88.66
89.64
79.44
117.24
114.96
98.66
97.38
114.92
70.76
114.66
81.58
94.46
93.16
80.74
142.12
116.74
114.36
86.68
114.96
121.46
83.32
104
117.06
93.82
87.56
86.46
111.78
102.4
98.04
77.94
107.42
98.02
111
97.26
82.3
98.34
128.7
103.36
94.08
113.48
109.62
83.76
102.72
90.28
108.54
97.06
88.84
113.4
89.2
114.1
106.9
72.46
87.88
93.54
100.04
95.62
77.78
82.72
84.52
98.94
101.24
91.64
126.22
94.58
100.64
119.46
120.76
99.44
101.14
105.46
114.8
109.84
102.64
91.34
74.68
82.78
105.22
110.82
133.46
121.74
77.92
95.62
108.52
109.2
97.66
90.58
112.48
78.24
131.84
97.8
94.22
88.48
102.7
103.36
80.86
69.2
89.1
113.56
114.82
102.76
114.58
115.14
81.2
85.62
126.78
96.66
121.04
85.56
73.76
123.92
77.14
83.78
97.84
75.22
117.08
105.6
96.02
67.4
138.5
101.68
104.64
94.52
95.9
74.06
68.78
84.14
76.58
102.7
92.48
110.28
101.62
88.5
110.5
87.4
103.12
106.06
108.4
104.04
117.56
107.58
89.96
98.76
92.22
90.24
102.94
106.52
89.66
90.28
102.34
95.88
129.76
98
89.26
115.08
110.66
91.56
85.72
95.56
82.56
95.52
99.8
89.7
107.22
93.18
108.72
94.56
112.3
107.04
105.76
107.7
95.26
102.76
88
94
126.18
91.48
117.46
102.64
117.98
97.1
84.46
109.62
73.18
97.76
91.52
106.16
72.22
97.22
115.34
96.12
91.66
88.24
107.3
