100
                   1             6.01033                   0
                   2             5.25373            0.756598
                   3             5.35789            0.449069
                   4             5.29209            0.324287
                   5             5.25883            0.253383
                   6             5.49348            0.312829
                   7             5.59948            0.284846
                   8             5.62147            0.247662
                   9             5.48628            0.256868
                  10             5.42248            0.238444
                  11             5.30875            0.243829
                  12             5.29679            0.222905
                  13             5.27181            0.206559
                  14             5.27711             0.19131
                  15             5.23376            0.183298
                  16             5.17736            0.180498
                  17             5.17316            0.169601
                  18             5.20152            0.162396
                  19             5.17556            0.155791
                  20             5.15755            0.148888
                  21             5.20468            0.149255
                  22             5.23543            0.145594
                  23             5.24452            0.139416
                  24              5.2125            0.137266
                  25             5.24577            0.135798
                  26             5.25023            0.130547
                  27             5.24519             0.12572
                  28             5.26114            0.122193
                  29             5.22312            0.123884
                  30             5.24559            0.121775
                  31             5.21829            0.120903
                  32              5.2395            0.118969
                  33             5.24423            0.115405
                  34             5.22633             0.11338
                  35             5.26875            0.117983
                  36             5.26686            0.114674
                  37             5.27443            0.111788
                  38              5.3059            0.113265
                  39             5.32367            0.111746
                  40             5.30935            0.109854
                  41             5.35057            0.114796
                  42             5.36704            0.113233
                  43             5.37706            0.111022
                  44             5.36814            0.108837
                  45             5.36496            0.106438
                  46             5.35469            0.104603
                  47             5.37164            0.103748
                  48             5.39026            0.103256
                  49             5.39906            0.101509
                  50             5.38965           0.0999025
                  51             5.40488           0.0991023
                  52             5.42624           0.0994968
                  53             5.43743           0.0982413
                  54             5.43381           0.0964728
                  55             5.42897           0.0948261
                  56             5.45008           0.0954801
                  57             5.46787           0.0954624
                  58             5.45645           0.0944949
                  59             5.49207           0.0994765
                  60             5.46697            0.100975
                  61             5.46145           0.0994592
                  62             5.49175            0.102427
                  63             5.48158            0.101299
                  64             5.48381           0.0997287
                  65             5.47138            0.098966
                  66             5.45454           0.0988997
                  67             5.47058           0.0987253
                  68             5.47151            0.097267
                  69             5.46005           0.0965299
                  70             5.45041           0.0956281
                  71             5.45309           0.0943098
                  72             5.43537           0.0946631
                  73             5.45027           0.0945385
                  74             5.44323            0.093518
                  75             5.43524           0.0926078
                  76             5.44133           0.0915837
                  77             5.44199           0.0903889
                  78             5.44456           0.0892596
                  79               5.452           0.0884364
                  80             5.45153           0.0873252
                  81              5.4469           0.0863644
                  82             5.44764           0.0853079
                  83             5.45377           0.0844968
                  84             5.44908           0.0836165
                  85             5.43562            0.083717
                  86             5.43967           0.0828369
                  87             5.41607           0.0852105
                  88             5.41838           0.0842681
                  89             5.40643           0.0841684
                  90             5.39982           0.0834899
                  91             5.40202           0.0825966
                  92             5.40003            0.081718
                  93             5.39713           0.0808865
                  94             5.40618           0.0805311
                  95             5.40276           0.0797522
                  96             5.39267           0.0795595
                  97             5.38127           0.0795562
                  98             5.40266            0.081593
                  99             5.40744           0.0809061
                 100             5.41563           0.0805111
                 101             5.42516           0.0802775
                 102             5.43176           0.0797596
                 103             5.42511           0.0792607
                 104             5.43282           0.0788726
                 105             5.44665           0.0793322
                 106              5.4411           0.0787756
                 107             5.44065           0.0780372
                 108             5.44286           0.0773427
                 109             5.45471           0.0775409
                 110             5.45342           0.0768436
                 111             5.45539           0.0761738
                 112             5.45742           0.0755177
                 113             5.45573           0.0748654
                 114             5.45634           0.0742083
                 115             5.46465           0.0740276
                 116             5.45628           0.0738623
                 117              5.4606           0.0733551
                 118             5.45514           0.0729348
                 119             5.45067           0.0724577
                 120             5.44812           0.0718964
                 121             5.45933           0.0721746
                 122             5.46003            0.071584
                 123              5.4607           0.0710028
                 124             5.46115           0.0704293
                 125             5.45567           0.0700784
                 126             5.45329           0.0695607
                 127             5.44325           0.0697377
                 128             5.43439           0.0697549
                 129             5.42733           0.0695717
                 130              5.4482           0.0721201
                 131             5.44627           0.0715935
                 132             5.45136           0.0712312
                 133             5.44829           0.0707602
                 134             5.45031           0.0702591
                 135             5.45514           0.0699044
                 136             5.45506           0.0693886
                 137             5.46385           0.0694385
                 138             5.47218           0.0694352
                 139             5.46619           0.0691938
                 140             5.46081           0.0689081
                 141             5.46646           0.0686507
                 142             5.46523           0.0681766
                 143              5.4631           0.0677318
                 144             5.45681           0.0675533
                 145             5.46795           0.0680044
                 146             5.47856            0.068366
                 147             5.46503           0.0692351
                 148             5.46193           0.0688355
                 149             5.44806           0.0697635
                 150             5.44079           0.0696773
                 151             5.42929           0.0701631
                 152              5.4268           0.0697446
                 153             5.42161           0.0694811
                 154             5.42443           0.0690858
                 155             5.42525           0.0686435
                 156             5.41908           0.0684807
                 157             5.41704           0.0680735
                 158             5.42229           0.0678441
                 159             5.42019           0.0674487
                 160             5.42647           0.0673197
                 161             5.43036           0.0670132
                 162             5.42213           0.0671056
                 163             5.43272           0.0675293
                 164              5.4343           0.0671349
                 165              5.4342           0.0667268
                 166             5.43942           0.0665286
                 167             5.44747           0.0666166
                 168              5.4381           0.0668776
                 169             5.43695           0.0664908
                 170             5.43782           0.0661043
                 171               5.436           0.0657419
                 172              5.4441           0.0658586
                 173             5.43856           0.0657104
                 174             5.43665           0.0653595
                 175             5.43412           0.0650343
                 176              5.4284           0.0649163
                 177             5.43117           0.0646078
                 178             5.43858           0.0646697
                 179             5.43765           0.0643141
                 180             5.44023           0.0640075
                 181             5.43946           0.0636575
                 182              5.4355           0.0634304
                 183             5.44193           0.0634095
                 184             5.44302           0.0630733
                 185             5.44179           0.0627434
                 186             5.43453           0.0628257
                 187             5.43379           0.0624933
                 188             5.42965           0.0622974
                 189             5.42733           0.0620104
                 190             5.41954           0.0621728
                 191             5.41823           0.0618604
                 192             5.41119           0.0619388
                 193             5.41823           0.0620183
                 194             5.41814           0.0616979
                 195             5.42649           0.0619461
                 196             5.42526           0.0616416
                 197             5.42774            0.061378
                 198             5.42031           0.0615172
                 199             5.42217           0.0612356
                 200             5.42508           0.0609981
