           1   0.0949625   0.0949625           0
           2    0.119038       0.107   0.0120377
           3    0.117703    0.110568   0.0078122
           4    0.113636    0.111335  0.00557704
           5    0.154839    0.120036  0.00971432
           6    0.129119     0.12155  0.00807489
           7     0.12057     0.12141  0.00682596
           8   0.0935272    0.117924  0.00686241
           9    0.128891    0.119143  0.00617352
          10    0.143717      0.1216  0.00604391
          11   0.0753477    0.117395  0.00689691
          12    0.134756    0.118842  0.00646007
          13    0.123675    0.119214  0.00595402
          14    0.142201    0.120856  0.00575168
          15    0.195243    0.125815  0.00729824
          16   0.0860437    0.123329  0.00726533
          17   0.0837268       0.121  0.00721123
          18     0.10334    0.120019  0.00686924
          19    0.108511    0.119413  0.00652582
          20    0.131199    0.120002  0.00621892
           1   0.0911159   0.0911159           0
           2    0.118572    0.104844   0.0137279
           3     0.11785    0.109179  0.00903408
           4    0.113831    0.110342  0.00649303
           5    0.154239    0.119121    0.010118
           6     0.12958    0.120864  0.00844316
           7    0.119687    0.120696  0.00713776
           8   0.0932853     0.11727  0.00706758
           9    0.128395    0.118506  0.00635441
          10     0.14426    0.121081  0.00623982
          11   0.0751466    0.116906  0.00702099
          12    0.134392    0.118363  0.00657283
          13    0.124108    0.118805  0.00606225
          14      0.1422    0.120476  0.00585606
          15    0.195234     0.12546   0.0073865
          16   0.0864663    0.123023  0.00732664
          17   0.0833526    0.120689  0.00726703
          18    0.103611     0.11974   0.0069168
          19    0.109036    0.119177  0.00656685
          20    0.130946    0.119765  0.00625759
           1    0.274269    0.274269           0
           2    0.275043    0.274656 0.000386799
           3    0.314159    0.287824   0.0131695
           4    0.288228    0.287925  0.00931276
           5    0.293482    0.289036  0.00729874
           6    0.282929    0.288018   0.0060457
           7    0.297697    0.289401  0.00529333
           8    0.268466    0.286784  0.00527852
           9     0.27334     0.28529    0.004889
          10    0.263573    0.283119  0.00488244
          11    0.249079    0.280024  0.00539259
          12     0.24597    0.277186  0.00568213
          13    0.288844    0.278083  0.00530316
          14     0.26106    0.276867   0.0050581
          15    0.279301    0.277029  0.00471163
          16    0.249969    0.275338   0.0047207
          17    0.246177    0.273623  0.00475454
          18    0.223654    0.270847  0.00527258
          19    0.263369    0.270453  0.00500287
          20    0.205695    0.267215  0.00574543
           1    0.353541    0.353541           0
           2    0.360924    0.357233  0.00369144
           3    0.339066    0.351177  0.00641968
           4    0.393303    0.361709   0.0114682
           5    0.364633    0.362293  0.00890249
           6    0.379796    0.365211  0.00783237
           7    0.359813    0.364439  0.00666432
           8    0.371619    0.365337  0.00584084
           9    0.355902    0.364289  0.00525673
          10    0.359083    0.363768  0.00473049
          11    0.377984     0.36506  0.00446981
          12    0.345082    0.363396  0.00440693
          13    0.367428    0.363706  0.00406564
          14    0.369473    0.364118  0.00378652
          15    0.381502    0.365277  0.00371068
          16    0.354965    0.364632  0.00353035
          17    0.357715    0.364225  0.00334106
          18    0.345999    0.363213  0.00330873
          19    0.366925    0.363408  0.00313584
          20    0.344301    0.362453  0.00312455
           1    0.407848    0.407848           0
           2    0.407123    0.407485 0.000362415
           3    0.399851    0.404941  0.00255322
           4    0.421283    0.409026   0.0044666
           5    0.415026    0.410226  0.00366202
           6    0.419607     0.41179  0.00337413
           7    0.412607    0.411906  0.00285405
           8    0.401711    0.410632   0.0027809
           9    0.403885    0.409882  0.00256454
          10    0.408018    0.409696  0.00230136
          11    0.411112    0.409825  0.00208564
          12     0.39774    0.408817  0.00215386
          13    0.409283    0.408853  0.00198159
          14    0.413805    0.409207  0.00186838
          15    0.440144    0.411269    0.002698
          16    0.406845    0.410993  0.00253886
          17     0.41145     0.41102  0.00238499
          18    0.410007    0.410963   0.0022493
          19    0.408617     0.41084   0.0021312
          20     0.41413    0.411004  0.00202851
           1    0.418943    0.418943           0
           2    0.420777     0.41986  0.00091677
           3    0.414141    0.417954  0.00197835
           4    0.420348    0.418552  0.00152155
           5    0.424427    0.419727   0.0016642
           6    0.418061     0.41945  0.00138689
           7    0.422545    0.419892  0.00125278
           8    0.407917    0.418395  0.00184866
           9    0.418059    0.418358  0.00163079
          10    0.412713    0.417793  0.00156402
          11    0.427984     0.41872  0.00169108
          12    0.400957     0.41724  0.00213871
          13    0.426854    0.417979  0.00210174
          14    0.409344    0.417362  0.00204124
          15    0.432687    0.418384  0.00215752
          16    0.418348    0.418382  0.00201817
          17    0.412868    0.418057  0.00192328
          18    0.421665    0.418258  0.00182433
          19    0.416719    0.418177  0.00172755
          20    0.408885    0.417712  0.00170347
           1    0.409889    0.409889           0
           2    0.407613    0.408751  0.00113769
           3    0.408177     0.40856 0.000684096
           4    0.409173    0.408713 0.000507475
           5    0.413293    0.409629  0.00099668
           6    0.408244    0.409398 0.000845885
           7    0.402523    0.408416  0.00121486
           8    0.407143    0.408257  0.00106407
           9    0.407951    0.408223 0.000939039
          10    0.405807    0.407981 0.000873957
          11    0.413765    0.408507 0.000949439
          12    0.403189    0.408064 0.000973464
          13    0.410961    0.408287 0.000922763
          14    0.402449     0.40787 0.000950638
          15    0.416436    0.408441  0.00105327
          16    0.406864    0.408342 0.000990156
          17    0.408059    0.408326  0.00093024
          18     0.40809    0.408312 0.000877136
          19    0.406233    0.408203 0.000836874
          20    0.409699    0.408278 0.000797441
           1    0.389021    0.389021           0
           2    0.387836    0.388429 0.000592427
           3    0.381041    0.385966  0.00248629
           4    0.389003    0.386725  0.00191505
           5    0.388989    0.387178  0.00155092
           6    0.388926    0.387469  0.00129939
           7    0.389942    0.387822  0.00115359
           8    0.382909    0.387208   0.0011727
           9    0.390006    0.387519  0.00107993
          10     0.38628    0.387395 0.000973838
          11    0.392044    0.387818 0.000976987
          12    0.384247     0.38752 0.000940188
          13    0.384163    0.387262  0.00090259
          14    0.384306    0.387051 0.000861901
          15    0.392069    0.387385 0.000869327
          16    0.387013    0.387362 0.000813514
          17     0.38536    0.387244 0.000773184
          18    0.387389    0.387252  0.00072901
          19    0.388073    0.387295 0.000690925
          20    0.385985     0.38723 0.000658739
           1    0.364215    0.364215           0
           2    0.361157    0.362686  0.00152924
           3    0.362816    0.362729 0.000883967
           4    0.366537    0.363681  0.00113885
           5    0.366574     0.36426  0.00105495
           6    0.364874    0.364362 0.000867437
           7    0.363282    0.364208 0.000749193
           8    0.362145     0.36395 0.000698174
           9    0.363212    0.363868 0.000621165
          10    0.365521    0.364033 0.000579665
          11     0.36251    0.363895 0.000542304
          12    0.362806    0.363804 0.000503294
          13    0.361434    0.363622 0.000497581
          14     0.36049    0.363398 0.000512114
          15     0.36776    0.363689 0.000558424
          16    0.361538    0.363554 0.000539384
          17    0.364993    0.363639  0.00051368
          18    0.363817    0.363649 0.000484403
          19    0.360916    0.363505 0.000480251
          20    0.362635    0.363462 0.000457679
           1    0.336871    0.336871           0
           2    0.337966    0.337418 0.000547453
           3    0.338783    0.337873 0.000554048
           4    0.340338    0.338489 0.000730127
           5    0.339401    0.338672 0.000594203
           6    0.337193    0.338425 0.000544135
           7    0.336214    0.338109 0.000557911
           8    0.337666    0.338054 0.000486328
           9    0.335554    0.337776  0.00051097
          10     0.33807    0.337806 0.000457966
          11    0.337403    0.337769 0.000415861
          12    0.337052    0.337709 0.000384298
          13     0.33724    0.337673 0.000355338
          14    0.334116    0.337419 0.000415677
          15    0.337491    0.337424 0.000387004
          16    0.338292    0.337478 0.000366051
          17    0.340335    0.337646 0.000382712
          18    0.337787    0.337654 0.000360909
          19    0.333951    0.337459 0.000393093
          20    0.335657    0.337369 0.000383647
           1    0.311942    0.311942           0
           2    0.311524    0.311733 0.000209433
           3    0.314001    0.312489 0.000765548
           4    0.314261    0.312932 0.000699567
           5    0.312795    0.312905 0.000542572
           6    0.310038    0.312427 0.000651546
           7     0.31091     0.31221 0.000591755
           8    0.311387    0.312107 0.000522707
           9    0.310417    0.311919 0.000497786
          10    0.313317    0.312059 0.000466667
          11     0.31196     0.31205 0.000422212
          12    0.311693     0.31202 0.000386576
          13    0.311532    0.311983 0.000357576
          14    0.311682    0.311961 0.000331747
          15    0.312869    0.312022 0.000314709
          16    0.311132    0.311966 0.000299591
          17    0.313195    0.312039 0.000290552
          18    0.312235     0.31205 0.000274153
          19    0.310022    0.311943 0.000280413
          20    0.310334    0.311862 0.000277922
           1    0.286993    0.286993           0
           2    0.287079    0.287036 4.29786e-05
           3    0.288267    0.287446  0.00041119
           4    0.289301     0.28791 0.000547342
           5    0.287884    0.287905    0.000424
           6    0.286769    0.287715 0.000394588
           7    0.286047    0.287477  0.00040986
           8     0.28685    0.287399 0.000363505
           9    0.287547    0.287415 0.000321005
          10    0.288769     0.28755 0.000317421
          11    0.287979    0.287589 0.000289754
          12    0.288177    0.287638 0.000269007
          13    0.286977    0.287588 0.000252624
          14    0.285947     0.28747 0.000261583
          15    0.289033    0.287575 0.000264867
          16    0.287912    0.287596 0.000248655
          17    0.289184    0.287689 0.000251566
          18    0.287364    0.287671 0.000237867
          19    0.285837    0.287575 0.000244823
          20    0.287512    0.287571 0.000232281
           1    0.265108    0.265108           0
           2    0.265009    0.265058 4.97376e-05
           3    0.265986    0.265368 0.000310632
           4     0.26696    0.265766 0.000454658
           5    0.266185     0.26585 0.000362021
           6    0.263572     0.26547 0.000481097
           7    0.263551    0.265196 0.000490429
           8    0.265567    0.265242 0.000427253
           9    0.263807    0.265083 0.000409141
          10    0.266368    0.265211 0.000387845
          11    0.264987    0.265191 0.000351411
          12    0.265693    0.265233 0.000323506
          13    0.263658    0.265112 0.000321289
          14    0.263394    0.264989 0.000321762
          15    0.265939    0.265052 0.000306171
          16    0.265615    0.265087 0.000288551
          17     0.26438    0.265046 0.000274224
          18    0.265452    0.265068 0.000259521
          19    0.264591    0.265043 0.000246765
          20    0.266165    0.265099 0.000240724
           1    0.245035    0.245035           0
           2    0.243543    0.244289 0.000746251
           3     0.24519    0.244589 0.000525239
           4    0.245191     0.24474 0.000400666
           5    0.244616    0.244715 0.000311345
           6    0.242937    0.244418 0.000390422
           7    0.243476    0.244284 0.000356364
           8    0.244175     0.24427 0.000308919
           9    0.243557    0.244191  0.00028374
          10    0.245321    0.244304 0.000277814
          11    0.244959    0.244364 0.000258259
          12    0.245002    0.244417 0.000241692
          13    0.244297    0.244408 0.000222516
          14       0.244    0.244379 0.000208059
          15    0.244834    0.244409 0.000196055
          16    0.245263    0.244462 0.000190998
          17    0.245405    0.244518 0.000187796
          18    0.245032    0.244546 0.000179347
          19    0.244293    0.244533 0.000170168
          20    0.244847    0.244549 0.000162198
           1    0.226262    0.226262           0
           2    0.225184    0.225723 0.000539123
           3    0.226275    0.225907 0.000361534
           4    0.225768    0.225872 0.000257983
           5    0.226301    0.225958 0.000217431
           6    0.224879    0.225778 0.000252709
           7    0.224419    0.225584 0.000288595
           8    0.225057    0.225518 0.000258451
           9    0.225297    0.225494 0.000229253
          10    0.226504    0.225595 0.000228599
          11    0.224975    0.225538 0.000214306
          12    0.226117    0.225587 0.000201493
          13    0.224573    0.225509 0.000201068
          14    0.225159    0.225484 0.000187825
          15     0.22533    0.225473 0.000175155
          16    0.225593    0.225481 0.000164011
          17     0.22601    0.225512  0.00015717
          18    0.225768    0.225526 0.000148862
          19    0.224909    0.225494 0.000144504
          20    0.226181    0.225528 0.000141327
           1    0.208992    0.208992           0
           2    0.208228     0.20861 0.000382149
           3    0.208186    0.208469 0.000261992
           4    0.209154     0.20864 0.000252294
           5    0.209185    0.208749 0.000223793
           6    0.207449    0.208532 0.000283405
           7    0.207906    0.208443 0.000255681
           8      0.2086    0.208462 0.000222291
           9    0.207783    0.208387  0.00021008
          10    0.209253    0.208474 0.000206906
          11     0.20799     0.20843 0.000192247
          12    0.208939    0.208472 0.000180565
          13    0.207559    0.208402 0.000180345
          14     0.20822    0.208389 0.000167471
          15    0.208597    0.208403 0.000156524
          16    0.208746    0.208424 0.000147982
          17    0.208833    0.208448 0.000141067
          18    0.208141    0.208431 0.000134087
          19    0.208281    0.208423 0.000127078
          20     0.20921    0.208463 0.000126819
           1    0.193219    0.193219           0
           2    0.192472    0.192845 0.000373254
           3    0.193053    0.192915 0.000226279
           4    0.193581    0.193081 0.000231069
           5    0.193201    0.193105 0.000180593
           6    0.192153    0.192947 0.000216578
           7    0.193083    0.192966 0.000184071
           8    0.192647    0.192926 0.000164315
           9    0.192215    0.192847 0.000165074
          10    0.193479     0.19291 0.000160596
          11    0.192153    0.192841 0.000160756
          12    0.192858    0.192843 0.000146756
          13    0.192322    0.192803 0.000140822
          14    0.192385    0.192773  0.00013374
          15     0.19245    0.192751 0.000126357
          16    0.192835    0.192757 0.000118311
          17    0.192477     0.19274 0.000112343
          18    0.192558     0.19273   0.0001064
          19    0.192912     0.19274 0.000101098
          20    0.193308    0.192768 0.000100025
