           1    0.955048    0.955048           0
           2    0.912344    0.933696    0.021352
           3    0.922516    0.929969   0.0128786
           4    0.906488    0.924099   0.0108346
           5    0.874188    0.914117   0.0130414
           6    0.771264    0.890308   0.0260815
           7    0.774756    0.873801   0.0275388
           8    0.937424    0.881754   0.0251403
           9    0.776652    0.870076   0.0250591
          10    0.892504    0.872318   0.0225255
          11    0.951988    0.879561   0.0216241
          12    0.756744    0.869326   0.0222355
          13    0.813048    0.864997   0.0209068
          14    0.907852    0.868058   0.0195965
          15    0.836284     0.86594   0.0183659
          16    0.956612    0.871607   0.0180903
          17    0.957884    0.876682   0.0177345
          18    0.886912     0.87725   0.0167299
          19     0.92364    0.879692   0.0160122
          20    0.883064    0.879861   0.0151914
           1    0.958904    0.958904           0
           2    0.912488    0.935696    0.023208
           3    0.922224    0.931205   0.0141316
           4    0.906676    0.925073   0.0117242
           5     0.87422    0.914902   0.0136351
           6     0.77152    0.891005   0.0263631
           7     0.77446    0.874356   0.0278144
           8     0.93738    0.882234   0.0253435
           9    0.776216    0.870454   0.0252651
          10    0.892308     0.87264   0.0227032
          11    0.952204    0.879873   0.0217724
          12    0.756556    0.869596   0.0223749
          13    0.812848    0.865231   0.0210397
          14    0.907408    0.868244   0.0197106
          15    0.836664    0.866138   0.0184699
          16    0.956676    0.871797   0.0181801
          17    0.957892    0.876861   0.0178124
          18    0.886664    0.877406   0.0168025
          19      0.9236    0.879837   0.0160784
          20    0.883192    0.880005   0.0152543
           1     0.67738     0.67738           0
           2     0.66706     0.67222     0.00516
           3    0.298608    0.547683    0.124573
           4    0.584356    0.556851   0.0885622
           5    0.658888    0.577258   0.0715711
           6    0.626012    0.585384   0.0589998
           7    0.544172    0.579497   0.0502103
           8    0.612372    0.583606   0.0436771
           9    0.550452    0.579922   0.0386954
          10      0.6061     0.58254    0.034709
          11    0.788672    0.601279   0.0365628
          12      0.6543    0.605698   0.0336683
          13     0.65836    0.609749   0.0312341
          14    0.686296    0.615216   0.0294296
          15    0.643968    0.617133   0.0274644
          16     0.74982    0.625426   0.0269959
          17    0.708496    0.630312   0.0258248
          18    0.785744    0.638948   0.0258337
          19    0.677384    0.640971   0.0245198
          20     0.75524    0.646684    0.023953
           1    0.500944    0.500944           0
           2    0.480756     0.49085    0.010094
           3    0.487876    0.489859  0.00591149
           4      0.4051    0.468669    0.021598
           5    0.528672     0.48067   0.0205888
           6    0.475608    0.479826   0.0168319
           7    0.472124    0.478726    0.014268
           8    0.474964    0.478256   0.0123654
           9    0.426792    0.472537   0.0123135
          10    0.545816    0.479865   0.0132286
          11    0.475072    0.479429   0.0119736
          12    0.481276    0.479583   0.0109315
          13    0.475992    0.479307   0.0100593
          14    0.461436    0.478031  0.00940015
          15    0.426948    0.474625  0.00939035
          16    0.454376     0.47336  0.00887457
          17     0.37748     0.46772   0.0100649
          18     0.42184    0.465171  0.00982561
          19    0.370404    0.460183   0.0105479
          20     0.48352     0.46135   0.0100744
           1     0.28006     0.28006           0
           2    0.320392    0.300226    0.020166
           3    0.291896    0.297449   0.0119694
           4     0.25212    0.286117   0.0141441
           5    0.256336    0.280161   0.0124703
           6    0.319684    0.286748    0.012127
           7    0.282992    0.286211   0.0102632
           8    0.358076    0.295195   0.0126371
           9    0.301472    0.295892   0.0111667
          10    0.333344    0.299637   0.0106669
          11    0.341692     0.30346   0.0103784
          12    0.261668    0.299978    0.010094
          13    0.321752    0.301653  0.00943497
          14    0.182884    0.293169   0.0121767
          15    0.176956    0.285422   0.0137305
          16    0.273536    0.284679   0.0128651
          17    0.341472     0.28802    0.012538
          18    0.307116     0.28908   0.0118684
          19    0.251524    0.287104   0.0113991
          20    0.249384    0.285218   0.0109774
           1    0.192568    0.192568           0
           2    0.194244    0.193406    0.000838
           3    0.157716    0.181509   0.0119065
           4    0.233168    0.194424   0.0154166
           5    0.165256     0.18859   0.0132904
           6    0.218356    0.193551   0.0119317
           7    0.171504    0.190402   0.0105646
           8    0.206356    0.192396  0.00936403
           9    0.217608    0.195197  0.00872049
          10     0.22402     0.19808  0.00831535
          11    0.175392    0.196017  0.00779918
          12    0.232092    0.199023  0.00772831
          13     0.22348    0.200905  0.00735372
          14    0.216504    0.202019   0.0068988
          15    0.141612    0.197992  0.00758059
          16     0.19974    0.198101  0.00709184
          17    0.220852    0.199439  0.00679472
          18    0.206292     0.19982  0.00641743
          19    0.136352     0.19648  0.00692869
          20     0.20764    0.197038  0.00659677
           1    0.133084    0.133084           0
           2    0.136244    0.134664     0.00158
           3    0.135632    0.134987 0.000967599
           4     0.15066    0.138905  0.00397762
           5    0.123688    0.135862  0.00433072
           6    0.128496    0.134634  0.00374305
           7    0.147132    0.136419  0.00363252
           8      0.1568    0.138967  0.00404803
           9    0.141044    0.139198  0.00357748
          10    0.141432    0.139421  0.00320758
          11    0.158372    0.141144  0.00337431
          12     0.13834     0.14091  0.00308916
          13    0.159856    0.142368  0.00319354
          14     0.17056    0.144381  0.00357727
          15    0.119532    0.142725  0.00371955
          16    0.126944    0.141739  0.00361641
          17    0.150104    0.142231  0.00343248
          18    0.136096     0.14189  0.00325407
          19    0.114536     0.14045  0.00339809
          20    0.144196    0.140637  0.00322915
           1     0.10854     0.10854           0
           2    0.111508    0.110024    0.001484
           3    0.112564    0.110871  0.00120455
           4    0.098792    0.107851  0.00313749
           5    0.113788    0.109038  0.00270485
           6    0.127652    0.112141  0.00380809
           7    0.106908    0.111393  0.00330409
           8    0.127404    0.113395  0.00349188
           9    0.112236    0.113266  0.00308224
          10    0.138292    0.115768  0.00372334
          11    0.072272    0.111814  0.00519408
          12    0.088168    0.109844  0.00513469
          13    0.156208     0.11341   0.0059185
          14    0.106464    0.112914  0.00550189
          15    0.093728    0.111635  0.00527927
          16     0.12862    0.112697  0.00505112
          17    0.071152    0.110253  0.00533707
          18    0.146304    0.112256  0.00541579
          19    0.098656     0.11154  0.00517258
          20     0.11598    0.111762  0.00491216
           1    0.080992    0.080992           0
           2    0.074256    0.077624    0.003368
           3    0.080812   0.0786867  0.00221594
           4     0.09146     0.08188  0.00355705
           5    0.061652   0.0778344  0.00489473
           6    0.070892   0.0766773  0.00416066
           7    0.099628    0.079956  0.00480778
           8    0.087724    0.080927  0.00427538
           9    0.091568   0.0821093  0.00395156
          10    0.087828   0.0826812  0.00358035
          11    0.087876   0.0831535   0.0032728
          12     0.09334   0.0840023   0.0031059
          13    0.099776   0.0852157  0.00310399
          14      0.0918    0.085686  0.00291197
          15    0.063176   0.0841853  0.00309854
          16    0.091552   0.0846458  0.00293476
          17    0.078432   0.0842802  0.00278085
          18    0.067724   0.0833604  0.00277847
          19     0.06926   0.0826183  0.00273094
          20     0.07734   0.0823544  0.00260421
           1    0.058736    0.058736           0
           2     0.08816    0.073448    0.014712
           3    0.073616    0.073504  0.00849416
           4    0.075548    0.074015  0.00602798
           5    0.049152   0.0690424  0.00682119
           6    0.063592    0.068134  0.00564308
           7    0.070536   0.0684771   0.0047816
           8    0.062192   0.0676915  0.00421485
           9    0.084436    0.069552  0.00415676
          10    0.062204   0.0688172  0.00378984
          11    0.078684   0.0697142  0.00354345
          12    0.081932   0.0707323  0.00339116
          13    0.084664    0.071804  0.00329837
          14    0.056392   0.0707031  0.00324606
          15     0.05106   0.0693936  0.00329346
          16    0.077224    0.069883  0.00311938
          17     0.07028   0.0699064  0.00293024
          18    0.080448    0.070492  0.00282405
          19    0.066828   0.0702992  0.00267824
          20    0.082324   0.0709004  0.00261097
           1    0.058644    0.058644           0
           2    0.062584    0.060614     0.00197
           3      0.0551    0.058776  0.00216145
           4    0.047028    0.055839  0.00331088
           5    0.045276   0.0537264  0.00332268
           6     0.05184    0.053412  0.00273112
           7    0.058448   0.0541314  0.00241773
           8    0.073368    0.056536  0.00318842
           9     0.07786   0.0589053  0.00367704
          10    0.055784   0.0585932  0.00330363
          11    0.050672   0.0578731  0.00307379
          12    0.071576    0.059015  0.00302943
          13    0.052796   0.0585366  0.00282743
          14     0.04192   0.0573497   0.0028742
          15     0.05228   0.0570117    0.002697
          16     0.06936   0.0577835  0.00263822
          17     0.05878   0.0578421  0.00247887
          18    0.063256   0.0581429  0.00235637
          19    0.053316   0.0578888  0.00224334
          20    0.064772    0.058233  0.00215586
           1    0.052108    0.052108           0
           2    0.047036    0.049572    0.002536
           3    0.046132   0.0484253  0.00185973
           4    0.048316    0.048398  0.00131531
           5    0.046964   0.0481112  0.00105844
           6    0.037444   0.0463333  0.00197678
           7    0.053944   0.0474206  0.00199331
           8    0.049908   0.0477315  0.00175403
           9    0.056384   0.0486929  0.00182132
          10    0.060376   0.0498612  0.00200467
          11    0.047776   0.0496716  0.00182318
          12    0.049416   0.0496503  0.00166446
          13    0.050516   0.0497169  0.00153253
          14    0.056912   0.0502309  0.00150906
          15    0.049936   0.0502112  0.00140499
          16     0.04616    0.049958  0.00133842
          17    0.040228   0.0493856  0.00138138
          18    0.058164   0.0498733  0.00139069
          19    0.052464   0.0500097  0.00132251
          20     0.04948   0.0499832  0.00125492
           1    0.050196    0.050196           0
           2    0.051456    0.050826     0.00063
           3    0.036788   0.0461467  0.00469345
           4    0.042728    0.045292  0.00342705
           5    0.042016   0.0446368  0.00273425
           6     0.05228   0.0459107  0.00257037
           7    0.042772   0.0454623  0.00221815
           8     0.05934    0.047197  0.00258832
           9     0.04736   0.0472151  0.00228275
          10    0.046272   0.0471208  0.00204393
          11     0.03008   0.0455716  0.00241205
          12    0.038884   0.0450143  0.00227132
          13     0.04358    0.044904  0.00209223
          14    0.054376   0.0455806  0.00205178
          15    0.049376   0.0458336  0.00192679
          16    0.032272    0.044986   0.0019917
          17    0.030352   0.0441252  0.00205942
          18    0.044992   0.0441733  0.00194224
          19    0.049028   0.0444288  0.00185486
          20    0.039112    0.044163  0.00177964
           1    0.036452    0.036452           0
           2    0.045004    0.040728    0.004276
           3    0.038308   0.0399213   0.0025972
           4    0.034996     0.03869  0.00221109
           5    0.046776   0.0403072  0.00235556
           6    0.038836    0.040062  0.00193888
           7    0.033924   0.0391851  0.00185851
           8    0.054976    0.041159  0.00254689
           9    0.037592   0.0407627  0.00228084
          10    0.039536     0.04064  0.00204373
          11    0.048396   0.0413451  0.00197853
          12    0.035972   0.0408973  0.00186082
          13    0.040048    0.040832  0.00171295
          14    0.037496   0.0405937  0.00160368
          15    0.042144   0.0406971  0.00149652
          16      0.0466    0.041066  0.00144767
          17    0.034944   0.0407059  0.00140672
          18    0.046084   0.0410047  0.00135951
          19    0.029844   0.0404173  0.00141377
          20    0.033976   0.0400952  0.00137935
           1    0.039596    0.039596           0
           2     0.04946    0.044528    0.004932
           3    0.033132   0.0407293  0.00474743
           4    0.034084    0.039068  0.00374554
           5    0.041184   0.0394912  0.00293199
           6    0.034844   0.0387167  0.00251613
           7    0.031008   0.0376154  0.00239475
           8    0.044284    0.038449  0.00223516
           9     0.03466    0.038028  0.00201568
          10    0.037384   0.0379636  0.00180403
          11    0.046792   0.0387662   0.0018185
          12    0.025052   0.0376233  0.00201541
          13     0.04092   0.0378769  0.00187117
          14    0.043964   0.0383117   0.0017861
          15       0.042   0.0385576  0.00168085
          16    0.039916   0.0386425  0.00157458
          17    0.029548   0.0381075  0.00157284
          18    0.030296   0.0376736  0.00154508
          19    0.030328   0.0372869  0.00151177
          20    0.023216   0.0365834  0.00159746
           1    0.034728    0.034728           0
           2    0.028544    0.031636    0.003092
           3     0.03176   0.0316773  0.00178565
           4    0.038884    0.033479  0.00220006
           5     0.02592   0.0319672  0.00227809
           6    0.021196    0.030172  0.00258506
           7     0.02754    0.029796  0.00221689
           8    0.027848   0.0295525  0.00193527
           9     0.03716   0.0303978  0.00190459
          10     0.03934    0.031292  0.00192396
          11    0.036592   0.0317738  0.00180575
          12    0.027448   0.0314133  0.00168737
          13     0.03936   0.0320246  0.00166819
          14    0.026308   0.0316163  0.00159751
          15    0.023304   0.0310621  0.00158709
          16     0.03868   0.0315382  0.00155907
          17     0.02832   0.0313489  0.00147667
          18    0.024188   0.0309511  0.00144795
          19     0.02078   0.0304158  0.00147052
          20     0.01738    0.029764  0.00153981
           1    0.030592    0.030592           0
           2    0.024936    0.027764    0.002828
           3    0.025388    0.026972   0.0018147
           4    0.029652    0.027642  0.00144757
           5    0.019408   0.0259952  0.00199229
           6    0.014768    0.024124  0.00247942
           7    0.029248    0.024856  0.00221967
           8    0.032328     0.02579  0.00213718
           9     0.03924   0.0272844  0.00240539
          10    0.030288   0.0275848  0.00217231
          11    0.042052      0.0289  0.00236447
          12    0.027244    0.028762  0.00216286
          13    0.035508   0.0292809   0.0020561
          14    0.030136    0.029342  0.00190456
          15    0.017184   0.0285315  0.00194953
          16    0.033256   0.0288268  0.00184737
          17    0.031044   0.0289572   0.0017402
          18    0.033728   0.0292222  0.00166194
          19     0.02006     0.02874  0.00164434
          20    0.024924   0.0285492  0.00157158
