           1    -1.00684    -1.00684           0
           2    -1.00282    -1.00483  0.00200704
           3     -1.0033    -1.00432  0.00126625
           4    -1.00348    -1.00411 0.000919533
           5   -0.997428    -1.00277   0.0015144
           6   -0.998705     -1.0021  0.00141021
           7   -0.999871    -1.00178  0.00123348
           8    -1.00667    -1.00239  0.00123079
           9   -0.998773    -1.00199  0.00115743
          10   -0.999314    -1.00172  0.00106919
          11    -1.00933    -1.00241  0.00118897
          12   -0.997623    -1.00201  0.00115641
          13    -1.00024    -1.00188  0.00107248
          14   -0.999853    -1.00173  0.00100338
          15   -0.991462    -1.00105  0.00115814
          16    -1.00808    -1.00149  0.00116904
          17    -1.00836    -1.00189  0.00117015
          18    -1.00436    -1.00203  0.00111174
          19    -1.00441    -1.00215  0.00105904
          20     -1.0007    -1.00208  0.00100731
           1    -1.00745    -1.00745           0
           2    -1.00289    -1.00517  0.00228016
           3    -1.00327    -1.00454  0.00146108
           4    -1.00346    -1.00427   0.0010675
           5   -0.997508    -1.00292  0.00158465
           6   -0.998654    -1.00221  0.00147597
           7   -0.999977    -1.00189  0.00128739
           8     -1.0067    -1.00249  0.00126685
           9   -0.998828    -1.00208  0.00118898
          10   -0.999246     -1.0018  0.00110062
          11    -1.00936    -1.00249  0.00120961
          12   -0.997667    -1.00208  0.00117496
          13    -1.00018    -1.00194  0.00109071
          14   -0.999844    -1.00179  0.00102081
          15   -0.991469     -1.0011  0.00117317
          16    -1.00802    -1.00153  0.00117959
          17    -1.00841    -1.00194  0.00117949
          18    -1.00433    -1.00207  0.00111993
          19    -1.00434    -1.00219  0.00106604
          20    -1.00074    -1.00212  0.00101394
           1   -0.961772   -0.961772           0
           2   -0.961509    -0.96164   0.0001312
           3   -0.946476   -0.956586  0.00505531
           4   -0.957231   -0.956747  0.00357829
           5   -0.957994   -0.956996  0.00278292
           6   -0.959152   -0.957356  0.00230048
           7   -0.954659   -0.956971  0.00198205
           8   -0.961711   -0.957563  0.00181592
           9   -0.959417   -0.957769  0.00161469
          10    -0.96233   -0.958225  0.00151453
          11   -0.969013   -0.959206  0.00168482
          12    -0.96679   -0.959838  0.00166281
          13   -0.958759   -0.959755  0.00153181
          14    -0.96463   -0.960103   0.0014603
          15   -0.960191   -0.960109  0.00135948
          16   -0.968028   -0.960604  0.00136461
          17   -0.967866   -0.961031  0.00135113
          18   -0.973779   -0.961739  0.00145749
          19   -0.963996   -0.961858  0.00138375
          20   -0.976433   -0.962587  0.00150144
           1   -0.917763   -0.917763           0
           2   -0.915151   -0.916457  0.00130588
           3   -0.920998   -0.917971   0.0016909
           4   -0.904774   -0.914671   0.0035091
           5   -0.915309   -0.914799  0.00272113
           6       -0.91   -0.913999  0.00236137
           7   -0.914906   -0.914129  0.00199993
           8   -0.912171   -0.913884  0.00174919
           9   -0.915024   -0.914011  0.00154783
          10   -0.917148   -0.914325  0.00141953
          11   -0.910509   -0.913978  0.00133003
          12    -0.91965    -0.91445   0.0013029
          13   -0.913432   -0.914372  0.00120105
          14   -0.912621   -0.914247  0.00111897
          15   -0.908475   -0.913862   0.0011105
          16   -0.916152   -0.914005  0.00104859
          17   -0.913854   -0.913996 0.000985018
          18   -0.917757   -0.914205 0.000951893
          19     -0.9114   -0.914058 0.000912424
          20    -0.91967   -0.914338  0.00090996
           1   -0.862569   -0.862569           0
           2   -0.863856   -0.863213  0.00064332
           3    -0.86599   -0.864138 0.000997527
           4   -0.856938   -0.862338  0.00193325
           5   -0.859455   -0.861762  0.00160471
           6   -0.858658   -0.861244  0.00140867
           7   -0.860812   -0.861183  0.00119214
           8   -0.866794   -0.861884  0.00124813
           9   -0.864397   -0.862163  0.00113563
          10   -0.863787   -0.862326  0.00102863
          11   -0.862474   -0.862339 0.000930529
          12   -0.865889   -0.862635 0.000899503
          13   -0.863259   -0.862683 0.000828814
          14   -0.858282   -0.862369 0.000829234
          15   -0.848387   -0.861436  0.00121027
          16   -0.862967   -0.861532  0.00113613
          17   -0.862589   -0.861594  0.00106902
          18   -0.862382   -0.861638  0.00100883
          19   -0.861782   -0.861646 0.000954292
          20   -0.859564   -0.861542 0.000911286
           1   -0.812915   -0.812915           0
           2   -0.812101   -0.812508  0.00040724
           3   -0.814834   -0.813284 0.000810263
           4   -0.813375   -0.813306 0.000573403
           5   -0.809841   -0.812613 0.000823179
           6   -0.814167   -0.812872 0.000720281
           7   -0.810838   -0.812582 0.000674559
           8   -0.818935   -0.813376 0.000985891
           9   -0.814048   -0.813451 0.000872676
          10   -0.816816   -0.813787 0.000850021
          11   -0.808236   -0.813283 0.000919704
          12   -0.822938   -0.814087  0.00116287
          13    -0.80999   -0.813772  0.00111516
          14    -0.81865    -0.81412  0.00108965
          15   -0.804752   -0.813496  0.00119125
          16   -0.813451   -0.813493  0.00111432
          17   -0.816649   -0.813679  0.00106305
          18   -0.812214   -0.813597  0.00100556
          19   -0.813079    -0.81357 0.000951551
          20   -0.818409   -0.813812  0.00093458
           1   -0.766262   -0.766262           0
           2   -0.767685   -0.766973   0.0007116
           3   -0.767681   -0.767209 0.000473695
           4   -0.766925   -0.767138 0.000342388
           5   -0.763602   -0.766431 0.000755358
           6    -0.76725   -0.766567 0.000631675
           7   -0.770951   -0.767194 0.000822871
           8   -0.768816   -0.767396 0.000740924
           9   -0.767669   -0.767427 0.000654135
          10   -0.768973   -0.767581 0.000605158
          11   -0.764183   -0.767272 0.000628525
          12   -0.770895   -0.767574 0.000648329
          13   -0.766133   -0.767463 0.000606591
          14   -0.771859   -0.767777  0.00064341
          15   -0.761503   -0.767359 0.000730593
          16   -0.768059   -0.767403 0.000684805
          17    -0.76761   -0.767415 0.000643378
          18   -0.767442   -0.767416 0.000606585
          19   -0.768379   -0.767467 0.000576003
          20   -0.766796   -0.767434 0.000547474
           1   -0.723683   -0.723683           0
           2   -0.725046   -0.724364  0.00068168
           3   -0.730891    -0.72654  0.00221091
           4    -0.72352   -0.725785  0.00173614
           5   -0.724004   -0.725429   0.0013912
           6   -0.724521   -0.725277  0.00114594
           7   -0.723458   -0.725018  0.00100276
           8   -0.729692   -0.725602  0.00104669
           9   -0.723301   -0.725346 0.000957854
          10   -0.727022   -0.725514 0.000872963
          11   -0.720341   -0.725044 0.000919025
          12   -0.727555   -0.725253 0.000864669
          13   -0.728836   -0.725529 0.000841787
          14   -0.727937   -0.725701 0.000798109
          15   -0.720795   -0.725373 0.000811801
          16   -0.726148   -0.725422 0.000760913
          17   -0.725831   -0.725446 0.000715158
          18   -0.726326   -0.725495 0.000676028
          19   -0.724421   -0.725438 0.000641951
          20     -0.7268   -0.725506   0.0006128
           1   -0.684172   -0.684172           0
           2   -0.687213   -0.685692  0.00152064
           3    -0.68576   -0.685715 0.000878232
           4   -0.682077   -0.684806  0.00110126
           5   -0.681249   -0.684094  0.00111069
           6    -0.68325   -0.683954  0.00091773
           7   -0.685721   -0.684206 0.000815667
           8   -0.686418   -0.684483 0.000758598
           9   -0.685775   -0.684626 0.000684268
          10   -0.683253   -0.684489 0.000627254
          11    -0.68619   -0.684643 0.000588061
          12   -0.686627   -0.684809 0.000561691
          13   -0.687628   -0.685026 0.000560335
          14    -0.68866   -0.685285   0.0005801
          15   -0.680096   -0.684939 0.000641362
          16   -0.687391   -0.685092 0.000619201
          17   -0.683049   -0.684972 0.000593933
          18    -0.68417   -0.684928 0.000561734
          19   -0.687537   -0.685065 0.000548811
          20   -0.686147   -0.685119  0.00052345
           1   -0.649335   -0.649335           0
           2   -0.648763   -0.649049  0.00028576
           3   -0.647272   -0.648457 0.000614765
           4   -0.645351    -0.64768 0.000889853
           5   -0.645895   -0.647323 0.000776266
           6    -0.64896   -0.647596 0.000690019
           7   -0.650627   -0.648029 0.000726322
           8   -0.648124   -0.648041 0.000629125
           9   -0.651609   -0.648437  0.00068191
          10   -0.647892   -0.648383 0.000612351
          11   -0.648966   -0.648436 0.000556421
          12   -0.649831   -0.648552 0.000521072
          13   -0.649661   -0.648637 0.000486853
          14   -0.652904   -0.648942 0.000544094
          15   -0.648149   -0.648889 0.000509275
          16   -0.647904   -0.648828 0.000480342
          17   -0.645022   -0.648604 0.000503695
          18   -0.648521   -0.648599 0.000474911
          19   -0.653353   -0.648849 0.000514187
          20    -0.65175   -0.648994 0.000508911
           1   -0.615429   -0.615429           0
           2   -0.615932    -0.61568   0.0002514
           3   -0.611974   -0.614445  0.00124392
           4   -0.611101   -0.613609  0.00121355
           5   -0.613338   -0.613555 0.000941572
           6   -0.618117   -0.614315   0.0010813
           7   -0.617305   -0.614742  0.00100877
           8   -0.616579   -0.614972 0.000903301
           9   -0.618501   -0.615364 0.000887932
          10   -0.613236   -0.615151 0.000822211
          11   -0.615173   -0.615153 0.000743721
          12   -0.616416   -0.615258 0.000687023
          13    -0.61584   -0.615303 0.000633551
          14   -0.615174   -0.615294 0.000586627
          15   -0.613742    -0.61519 0.000555838
          16   -0.616595   -0.615278   0.0005273
          17   -0.613088   -0.615149 0.000511799
          18   -0.614833   -0.615132 0.000482848
          19   -0.618258   -0.615296 0.000485469
          20   -0.618151   -0.615439 0.000482174
           1    -0.58597    -0.58597           0
           2   -0.585469   -0.585719  0.00025072
           3   -0.583595   -0.585011 0.000722907
           4   -0.581406    -0.58411  0.00103609
           5   -0.583891   -0.584066 0.000803743
           6   -0.585741   -0.584345 0.000713141
           7   -0.587879    -0.58485 0.000786181
           8   -0.586126    -0.58501 0.000699286
           9   -0.585224   -0.585033 0.000617171
          10   -0.582824   -0.584812 0.000594606
          11   -0.583956   -0.584735 0.000543454
          12   -0.583556   -0.584636 0.000505726
          13   -0.585946   -0.584737 0.000475988
          14   -0.587842   -0.584959 0.000493347
          15   -0.582079   -0.584767 0.000497803
          16   -0.583707   -0.584701 0.000470339
          17   -0.581133   -0.584491 0.000489128
          18   -0.585355   -0.584539 0.000463648
          19   -0.587761   -0.584708  0.00047022
          20   -0.584798   -0.584713 0.000446112
           1   -0.556556   -0.556556           0
           2   -0.556797   -0.556677   0.0001206
           3   -0.553944   -0.555766 0.000913577
           4   -0.552055   -0.554838  0.00113051
           5   -0.553392   -0.554549 0.000922177
           6    -0.55999   -0.555456  0.00117866
           7   -0.559831   -0.556081  0.00117605
           8   -0.555835    -0.55605  0.00101896
           9   -0.559259   -0.556407 0.000966798
          10   -0.553293   -0.556095  0.00091906
          11   -0.556018   -0.556088 0.000831351
          12   -0.554914    -0.55599 0.000765201
          13    -0.55984   -0.556286 0.000763627
          14   -0.560504   -0.556588 0.000768478
          15   -0.554524    -0.55645 0.000728528
          16   -0.554421   -0.556323 0.000693169
          17   -0.557143   -0.556371 0.000652902
          18   -0.555212   -0.556307 0.000618924
          19   -0.557653   -0.556378 0.000589711
          20   -0.553742   -0.556246  0.00057476
           1   -0.528617   -0.528617           0
           2   -0.532676   -0.530647  0.00202952
           3    -0.52831   -0.529868  0.00140695
           4   -0.527868   -0.529368  0.00111343
           5   -0.529696   -0.529433 0.000864943
           6   -0.533793    -0.53016  0.00101323
           7   -0.532718   -0.530525 0.000931083
           8   -0.531388   -0.530633  0.00081351
           9     -0.5324   -0.530829 0.000743818
          10   -0.527639    -0.53051 0.000737849
          11   -0.529224   -0.530393 0.000677579
          12   -0.528159   -0.530207 0.000645951
          13   -0.530721   -0.530247 0.000595501
          14   -0.531478   -0.530335 0.000558296
          15   -0.529035   -0.530248  0.00052692
          16   -0.527996   -0.530107 0.000512592
          17   -0.527035   -0.529927 0.000514298
          18   -0.528794   -0.529864 0.000488953
          19   -0.530245   -0.529884 0.000462938
          20   -0.528584   -0.529819 0.000443967
           1   -0.503736   -0.503736           0
           2   -0.507453   -0.505595  0.00185864
           3   -0.503711   -0.504967  0.00124333
           4   -0.505234   -0.505033 0.000881698
           5   -0.503552   -0.504737 0.000744479
           6   -0.507713   -0.505233 0.000784533
           7   -0.509428   -0.505832 0.000893761
           8   -0.507934   -0.506095 0.000817375
           9   -0.506709   -0.506163 0.000724081
          10   -0.502708   -0.505818 0.000734059
          11   -0.508176   -0.506032 0.000697731
          12   -0.503757   -0.505842 0.000664555
          13    -0.50885   -0.506074 0.000653625
          14   -0.507351   -0.506165  0.00061198
          15    -0.50664   -0.506197 0.000570601
          16   -0.506006   -0.506185 0.000533881
          17   -0.503935   -0.506053 0.000518664
          18   -0.505086   -0.505999  0.00049194
          19   -0.507359    -0.50607   0.0004708
          20   -0.503568   -0.505945  0.00046383
           1   -0.481303   -0.481303           0
           2   -0.484011   -0.482657  0.00135416
           3   -0.484067   -0.483127 0.000912305
           4   -0.481178    -0.48264 0.000808462
           5   -0.480486   -0.482209 0.000760009
           6    -0.48664   -0.482947   0.0009646
           7   -0.485159   -0.483263 0.000874304
           8   -0.483061   -0.483238 0.000757592
           9   -0.485967   -0.483541 0.000733727
          10   -0.480443   -0.483231 0.000725735
          11   -0.485716   -0.483457 0.000694218
          12   -0.481645   -0.483306 0.000651479
          13   -0.486579   -0.483558 0.000650011
          14   -0.484006    -0.48359 0.000602644
          15   -0.482658   -0.483528 0.000564461
          16   -0.482622   -0.483471 0.000531034
          17   -0.481646   -0.483364  0.00051024
          18   -0.484084   -0.483404 0.000482718
          19   -0.483392   -0.483403 0.000456606
          20   -0.479468   -0.483206 0.000475777
           1   -0.461172   -0.461172           0
           2   -0.464227   -0.462699  0.00152744
           3   -0.461564   -0.462321 0.000959666
           4   -0.459881   -0.461711 0.000912413
           5   -0.460908    -0.46155 0.000724755
           6   -0.464999   -0.462125    0.000825
           7   -0.462185   -0.462134 0.000697304
           8   -0.463871   -0.462351 0.000641725
           9   -0.466225   -0.462781 0.000711041
          10    -0.45991   -0.462494 0.000697795
          11   -0.466721   -0.462878 0.000738951
          12   -0.462729   -0.462866 0.000674682
          13    -0.46535   -0.463057 0.000649372
          14   -0.465035   -0.463198 0.000617575
          15   -0.464064   -0.463256 0.000577819
          16   -0.463033   -0.463242 0.000540679
          17   -0.464413   -0.463311 0.000512529
          18   -0.464579   -0.463381 0.000488322
          19   -0.462177   -0.463318 0.000466233
          20   -0.460674   -0.463186 0.000461634
