           1     93.3753     93.3753           0
           2     89.0063     91.1908      2.1845
           3     90.0192     90.8003      1.3203
           4     89.3141     90.4287     1.00481
           5     84.6023     89.2635     1.40131
           6     89.6526     89.3283       1.146
           7     88.4919     89.2088    0.975892
           8     91.7213     89.5229    0.901612
           9     88.1804     89.3737    0.809017
          10     86.8944     89.1258    0.764904
          11     93.7027     89.5419    0.807357
          12     87.4924     89.3711    0.756543
          13     88.7045     89.3198    0.697805
          14     87.3445     89.1787    0.661269
          15     80.2981     88.5867    0.854098
          16     93.5354      88.896    0.856716
          17     93.7521     89.1816    0.853939
          18     91.1711     89.2922    0.812653
          19     90.9255     89.3781    0.773485
          20     86.4279     89.2306    0.748472
           1     93.8051     93.8051           0
           2     89.0273     91.4162     2.38893
           3      89.991     90.9411     1.45877
           4     89.3392     90.5406     1.10653
           5     84.6203     89.3566     1.46173
           6     89.6627     89.4076     1.19459
           7     88.4888     89.2763     1.01811
           8     91.7079     89.5803    0.932626
           9     88.1572     89.4222    0.837559
          10     86.8729     89.1672    0.791323
          11      93.725     89.5816    0.827055
          12      87.488     89.4071     0.77489
          13     88.6744     89.3507     0.71502
          14     87.2953     89.2039    0.678065
          15      80.334     88.6126    0.864948
          16     93.5448     88.9209    0.865819
          17     93.7501     89.2049    0.861479
          18     91.1384     89.3124    0.819282
          19     90.9145     89.3967    0.779538
          20     86.4373     89.2487    0.754192
           1     55.4955     55.4955           0
           2     53.1665      54.331     1.16445
           3     47.1749     51.9456      2.4783
           4     52.7304     52.1418     1.76337
           5     51.2606     51.9656     1.37722
           6     53.9056     52.2889     1.17006
           7     52.3931     52.3038    0.988994
           8     54.7953     52.6152    0.911361
           9     53.9086     52.7589     0.81649
          10     56.0929     53.0923    0.802795
          11     60.2502     53.7431    0.975053
          12     56.2069     53.9484    0.913471
          13     52.0256     53.8005    0.853189
          14     55.6869     53.9352    0.801309
          15     53.7713     53.9243    0.746058
          16     59.2932     54.2598    0.774355
          17      59.062     54.5423    0.780306
          18     61.0239     54.9024    0.819078
          19     55.7117      54.945     0.77594
          20     65.8031     55.4879     0.91467
           1     34.2235     34.2235           0
           2      33.069     33.6462    0.577229
           3     35.6867     34.3264    0.757406
           4     28.8998     32.9697     1.45854
           5     32.9038     32.9565     1.12986
           6     30.5487     32.5552     1.00603
           7     33.4161     32.6782    0.859097
           8     31.5135     32.5326     0.75811
           9     34.0528     32.7015    0.689597
          10     33.8571     32.8171    0.627526
          11     30.9789       32.65    0.591707
          12     33.4033     32.7128    0.543788
          13     31.6177     32.6285    0.507255
          14        31.2     32.5265    0.480584
          15     30.9356     32.4204    0.459799
          16     33.4539      32.485    0.434926
          17     33.1298      32.523    0.410299
          18     35.8811     32.7095    0.429472
          19     29.1752     32.5235    0.446803
          20     35.7414     32.6844    0.453384
           1     19.0214     19.0214           0
           2     18.3654     18.6934    0.328005
           3     18.3569     18.5812    0.220107
           4     17.2128     18.2391     0.37585
           5     18.5167     18.2946    0.296379
           6     18.7815     18.3758    0.255234
           7     18.5124     18.3953    0.216593
           8     19.1347     18.4877    0.209108
           9     19.6304     18.6147    0.223894
          10     19.2811     18.6813    0.211054
          11     20.0094     18.8021    0.225878
          12     20.8279     18.9709    0.266491
          13     19.0682     18.9784     0.24525
          14     17.9049     18.9017    0.239654
          15     14.6896     18.6209    0.358646
          16     18.2578     18.5982    0.336249
          17     19.1584     18.6311    0.317565
          18     19.0848     18.6563    0.300462
          19     17.5769     18.5995    0.289831
          20     18.5392     18.5965    0.274975
           1     12.4723     12.4723           0
           2     11.1835     11.8279    0.644387
           3     11.1315     11.5958    0.438527
           4      12.789     11.8941    0.430286
           5     12.0467     11.9246    0.334694
           6     12.2062     11.9715    0.277276
           7      11.425     11.8935    0.247006
           8     12.5321     11.9733    0.228326
           9     11.8636     11.9611    0.201733
          10     12.4498       12.01    0.186936
          11     10.6315     11.8847    0.210464
          12     13.4152     12.0122    0.230611
          13     11.7912     11.9952    0.212811
          14     12.4036     12.0244    0.199173
          15     10.8306     11.9448    0.201778
          16     12.0484     11.9513    0.188857
          17     12.5578      11.987    0.180953
          18     11.8136     11.9773    0.170876
          19     11.7076     11.9631    0.162254
          20     12.8548     12.0077    0.160255
           1     8.15913     8.15913           0
           2     8.25354     8.20634    0.047208
           3     7.80165     8.07144    0.137622
           4      8.2663     8.12015    0.108825
           5     7.28491     7.95311    0.187112
           6     8.48549     8.04184    0.176674
           7     9.13993     8.19871    0.216573
           8     8.82686     8.27723     0.20333
           9     8.24489     8.27363    0.179356
          10     8.42426      8.2887    0.161127
          11     7.72487     8.23744    0.154495
          12     8.64012       8.271    0.144971
          13      7.8597     8.23936    0.137056
          14     8.22803     8.23855    0.126892
          15     7.98746     8.22181     0.11931
          16     7.91461     8.20261    0.113244
          17     8.34382     8.21092    0.106698
          18     8.57555     8.23117    0.102615
          19     7.22592     8.17827    0.110547
          20     8.25759     8.18223    0.104949
           1     5.97573     5.97573           0
           2     5.71985     5.84779    0.127942
           3     6.41271     6.03609    0.202275
           4     6.57203     6.17008    0.195983
           5     6.24271     6.18461    0.152501
           6     6.08572     6.16812    0.125603
           7      6.0702     6.15414    0.107071
           8     6.14889     6.15348   0.0927287
           9     5.82209     6.11666   0.0896863
          10     5.86757     6.09175   0.0839962
          11     5.59226     6.04634   0.0885125
          12     5.99361     6.04195   0.0809199
          13     6.80109     6.10034    0.094608
          14     6.24409     6.11061   0.0881897
          15     5.59395     6.07617   0.0890328
          16     6.32578     6.09177   0.0847312
          17     5.79969     6.07459   0.0814243
          18     6.37567     6.09131   0.0785687
          19     6.01153     6.08712   0.0744371
          20     6.04604     6.08506   0.0706471
           1     4.49328     4.49328           0
           2     4.81256     4.65292     0.15964
           3     4.74467      4.6835   0.0971102
           4     4.73133     4.69546   0.0697003
           5     4.42875     4.64212   0.0758958
           6     4.46166     4.61204   0.0688818
           7     4.91659     4.65555   0.0726771
           8     4.64563     4.65431   0.0629524
           9     4.54284     4.64192   0.0568836
          10     4.38902     4.61663   0.0568173
          11     4.81355     4.63454   0.0544218
          12     4.54847     4.62736    0.050195
          13     4.88412     4.64711   0.0502195
          14     4.65096     4.64739   0.0464951
          15     4.17343     4.61579   0.0535906
          16     4.90185     4.63367   0.0532223
          17     4.59697     4.63151   0.0500402
          18     4.50827     4.62467   0.0476726
          19     4.37337     4.61144   0.0469934
          20     4.57049     4.60939   0.0446288
           1     3.61972     3.61972           0
           2     4.02485     3.82228    0.202566
           3     3.70955     3.78471     0.12284
           4     3.82286     3.79424   0.0873834
           5     3.50763     3.73692   0.0886985
           6     3.80832     3.74882   0.0733931
           7     3.86309     3.76515   0.0641405
           8     3.68788     3.75549   0.0563808
           9      3.8098     3.76152   0.0500881
          10     3.56626       3.742   0.0488706
          11     3.76723     3.74429   0.0442646
          12     3.82401     3.75093   0.0409503
          13     3.75943     3.75159   0.0376744
          14     3.80554     3.75544    0.035092
          15     3.47119     3.73649    0.037767
          16     3.93158     3.74868   0.0373728
          17     3.72816     3.74748   0.0351264
          18     3.69671     3.74466   0.0332374
          19     3.82242     3.74875   0.0317047
          20      3.9289     3.75776   0.0313976
           1     2.99531     2.99531           0
           2     3.07935     3.03733     0.04202
           3     3.10099     3.05855   0.0322312
           4     2.94691     3.03064   0.0360332
           5     3.10617     3.04574   0.0317366
           6     3.29134     3.08668    0.048445
           7     3.20799     3.10401   0.0444602
           8     3.12745     3.10694    0.038615
           9     3.14309     3.11095   0.0342914
          10     2.93457     3.09332   0.0353812
          11     3.04803      3.0892   0.0322671
          12     3.00125     3.08187   0.0303539
          13     3.09602     3.08296   0.0279428
          14     3.00154     3.07714   0.0265155
          15     2.94073     3.06805   0.0263065
          16     3.23109     3.07824   0.0266338
          17     2.94038     3.07013   0.0262995
          18     3.12449     3.07315   0.0249787
          19     3.14837     3.07711   0.0239569
          20     3.22947     3.08473   0.0239702
           1     2.56235     2.56235           0
           2     2.71817     2.64026   0.0779093
           3      2.6236     2.63471   0.0453225
           4     2.49603     2.60004   0.0472132
           5     2.64834      2.6097   0.0378255
           6     2.75867     2.63453   0.0396274
           7     2.71098     2.64545    0.035227
           8     2.58633     2.63806   0.0313897
           9      2.5727      2.6308   0.0286196
          10     2.60884      2.6286   0.0256922
          11     2.65409     2.63092   0.0233547
          12     2.74225      2.6402    0.023251
          13     2.58037     2.63559   0.0218774
          14     2.58886     2.63226   0.0205277
          15     2.67887     2.63536   0.0193613
          16     2.66916     2.63748   0.0182336
          17     2.58635     2.63447   0.0173895
          18     2.65148     2.63541   0.0164222
          19     2.65782     2.63659   0.0155785
          20     2.59903     2.63472    0.014898
           1     2.17049     2.17049           0
           2      2.2489     2.20969   0.0392075
           3     2.20631     2.20857   0.0226644
           4      2.1153     2.18525   0.0282932
           5      2.2385      2.1959   0.0243665
           6     2.28133     2.21014   0.0244652
           7     2.31467     2.22507   0.0255059
           8     2.11597     2.21143     0.02596
           9     2.30038     2.22132   0.0249366
          10     2.25551     2.22474   0.0225645
          11     2.20369     2.22282   0.0204999
          12     2.18051      2.2193   0.0190431
          13     2.21142     2.21869   0.0175276
          14     2.32323     2.22616   0.0178629
          15     2.21825     2.22563   0.0166379
          16     2.19383     2.22364   0.0156897
          17     2.29124     2.22762   0.0152649
          18     2.12374     2.22185   0.0155058
          19     2.16995     2.21912   0.0149193
          20     2.23002     2.21966   0.0141642
           1     1.93046     1.93046           0
           2     2.04041     1.98544   0.0549741
           3     1.88466     1.95184   0.0462138
           4     1.91252     1.94201   0.0341247
           5     1.97512     1.94864   0.0272498
           6     2.09199     1.97253   0.0326472
           7     1.87689     1.95887   0.0307893
           8     2.03485     1.96836   0.0283056
           9     2.00953     1.97294   0.0253789
          10      1.9126      1.9669   0.0234877
          11     1.92098     1.96273   0.0216517
          12     1.90733     1.95811   0.0202973
          13     1.91634      1.9549   0.0189453
          14     1.93898     1.95376   0.0175767
          15     1.94512     1.95319   0.0163732
          16     1.86536      1.9477   0.0162696
          17       1.928     1.94654   0.0153265
          18     1.97102      1.9479   0.0145138
          19     1.95949     1.94851   0.0137422
          20     1.99955     1.95106   0.0132844
           1     1.71634     1.71634           0
           2     1.78131     1.74883   0.0324844
           3      1.6728     1.72349   0.0315262
           4     1.67249     1.71074   0.0256801
           5     1.67737     1.70406   0.0209814
           6     1.76347     1.71397   0.0197867
           7     1.73527     1.71701   0.0169975
           8     1.72855     1.71845   0.0147908
           9     1.69248     1.71556   0.0133597
          10     1.72412     1.71642   0.0119799
          11     1.81323     1.72522   0.0139597
          12     1.66956     1.72058   0.0135613
          13     1.76006     1.72362   0.0128389
          14     1.73825     1.72467   0.0119324
          15     1.69013     1.72236   0.0113445
          16     1.71403     1.72184   0.0106246
          17     1.74432     1.72316   0.0100672
          18     1.62977     1.71798   0.0108171
          19      1.7163     1.71789   0.0102324
          20     1.65428     1.71471   0.0102149
           1     1.53659     1.53659           0
           2     1.53502     1.53581 0.000783158
           3      1.5262      1.5326  0.00323457
           4     1.48491     1.52068   0.0121399
           5     1.49987     1.51652   0.0102839
           6      1.5709     1.52558   0.0123555
           7      1.5821     1.53366   0.0131998
           8     1.48118      1.5271   0.0131797
           9     1.55803     1.53053   0.0121209
          10     1.55878     1.53336   0.0112033
          11     1.61948     1.54119   0.0128057
          12      1.5078      1.5384   0.0120166
          13     1.57198     1.54099   0.0113514
          14     1.55835     1.54223   0.0105822
          15     1.50601     1.53981   0.0101431
          16     1.58364     1.54255  0.00987541
          17     1.51995     1.54122  0.00937114
          18     1.55264     1.54186  0.00885795
          19     1.48794     1.53902  0.00884634
          20     1.51533     1.53783  0.00847555
           1     1.34453     1.34453           0
           2     1.35452     1.34952    0.004996
           3     1.36219     1.35375   0.0051127
           4     1.36246     1.35592  0.00422095
           5     1.38302     1.36134  0.00632979
           6     1.36115     1.36131  0.00516835
           7     1.35467     1.36036  0.00446986
           8      1.3711     1.36171  0.00409723
           9     1.39039     1.36489  0.00481828
          10     1.39448     1.36785  0.00522747
          11     1.38849     1.36973  0.00508711
          12     1.37105     1.36984  0.00464519
          13     1.41317     1.37317  0.00541934
          14     1.40742     1.37562   0.0055818
          15     1.38002     1.37591  0.00520464
          16     1.36234     1.37506  0.00494187
          17     1.41833     1.37761  0.00529407
          18     1.43266     1.38067   0.0058537
          19     1.35865     1.37951  0.00565697
          20     1.35393     1.37823  0.00551693
