Generation              Length
0             14.4988
1             13.5929
2             12.1468
3             11.8416
4             10.8955
5             10.8955
6             10.5438
7             10.2269
8             10.2269
9             9.97609
10             9.72622
11             9.25398
12             8.96342
13             8.87734
14             8.77525
15             8.46028
16             7.95641
17             7.95641
18             7.95641
19             7.93853
20             7.81176
21             7.79556
22             7.67619
23             7.19161
24             7.19161
25             7.19161
26             6.70084
27             6.70084
28             6.43111
29             6.43111
30             6.41564
31             6.28839
32             6.28839
33             6.28839
34             6.28839
35             6.28839
36             6.28839
37             6.28752
38             6.28752
39             6.27107
40             6.27107
41             6.25903
42             6.22743
43             6.21539
44              6.0907
45              6.0907
46              6.0907
47              6.0907
48              6.0907
49             6.08587
50             5.95492
51             5.79782
52             5.79782
53             5.79299
54             5.63802
55             5.57967
56             5.57484
57             5.57206
58             5.57206
59             5.57206
60             5.54921
61             5.49086
62             5.49086
63             5.49086
64             5.49086
65             5.49086
66             5.49086
67             5.48348
68             5.44435
69             5.44435
70             5.44435
71             5.43697
72             5.43697
73             5.43697
74             5.43697
75             5.43697
76             5.43346
77             5.43346
78             5.43346
79             5.41315
80             5.41315
81             5.41226
82             5.41226
83             5.41226
84             5.41226
85             5.41226
86             5.41226
87             5.41226
88             5.41226
89             5.41226
90             5.41226
91             5.41226
92             5.41226
93             5.41226
94             5.41226
95             5.41226
96             5.41226
97             5.41226
98             5.41226
99             5.41226
100             5.41226
101             5.41226
102             5.41226
103             5.41226
104             5.41226
105             5.41226
106             5.28392
107             5.28392
108             5.28392
109             5.28392
110             5.24322
111             5.24322
112             5.24322
113             5.24322
114             5.24322
115             5.21995
116             5.21995
117             5.21995
118             5.21995
119             5.17248
120             5.14922
121             5.14922
122             5.14922
123             5.14922
124             5.14922
125             5.14922
126             5.14922
127             5.14922
128             5.14922
129             5.14922
130             5.14922
131             5.14922
132             5.14922
133             5.14922
134             5.14922
135             5.14922
136             5.14922
137             5.14922
138             5.14922
139             5.14922
140             5.14922
141             5.14922
142             5.14922
143             5.14922
144             5.14922
145             5.14922
146             5.14922
147             5.14922
148             5.14922
149             5.14922
150             5.14922
151             5.14922
152             5.14922
153             5.14922
154             5.14922
155             5.14922
156             5.14922
157             5.14922
158             5.14922
159             5.14922
160             5.14922
161             5.14922
162             5.14922
163             5.14922
164             5.14922
165             5.14922
166             5.14922
167             5.14922
168             5.14922
169             5.14922
170             5.14922
171             5.14922
172             5.14922
173             5.14922
174             5.14922
175             5.14922
176             5.14922
177             5.14922
178             5.14922
179             5.14922
180             5.14922
181             5.14922
182             5.14922
183             5.14922
184             5.14922
185             5.14922
186             5.14922
187             5.14922
188             5.14922
189             5.14922
190             5.14922
191             5.14922
192             5.14922
193             5.14922
194             5.14922
195             5.14922
196             5.14922
197             5.14922
198             5.14922
199             5.14922
200             5.14922
201             5.14922
202             5.14922
203             5.14922
204             5.14922
205             5.14922
206             5.14922
207             5.14922
208             5.14922
209             5.14922
210             5.14922
211             5.14922
212             5.14922
213             5.14922
214             5.14922
215             5.14922
216             5.14922
217             5.14922
218             5.14922
219             5.14922
220             5.14922
221             5.14922
222             5.14922
223             5.14922
224             5.14922
225             5.14922
226             5.14922
227             5.14922
228             5.14922
229             5.14922
230             5.14922
231             5.14922
232             5.14922
233             5.14922
234             5.14922
235             5.14922
236             5.14922
237             5.14922
238             5.14922
239             5.14922
240             5.14922
241             5.14922
242             5.14922
243             5.14922
244             5.14922
245             5.14922
246             5.14922
247             5.14922
248             5.14922
249             5.14922
250             5.14922
251             5.14922
252             5.14922
253             5.14922
254             5.14922
255             5.14922
256             5.14922
257             5.14922
258             5.14922
259             5.14922
260             5.14922
261             5.14922
262             5.14922
263             5.14922
264             5.14922
265             5.14922
266             5.14922
267             5.14922
268             5.14922
269             5.14922
270             5.14922
271             5.14922
272             5.14922
273             5.14922
274             5.14922
275             5.14922
276             5.14922
277             5.14922
278             5.14922
279             5.14922
280             5.14922
281             5.14922
282             5.14922
283             5.14922
284             5.14922
285             5.14922
286             5.14922
287             5.14922
288             5.14922
289             5.14922
290             5.14922
291             5.14922
292             5.14922
293             5.14922
294             5.14922
295             5.14922
296             5.14922
297             5.14922
298             5.14922
299             5.14922
300             5.14922
301             5.14922
302             5.14922
303             5.14922
304             5.14922
305             5.14922
306             5.14922
307             5.14922
308             5.14922
309             5.14922
310             5.14922
311             5.14922
312             5.14922
313             5.14922
314             5.14922
315             5.14922
316             5.14922
317             5.14922
318             5.14922
319             5.14922
320             5.14922
321             5.14922
322             5.14922
323             5.14922
324             5.14922
325             5.14922
326             5.14922
327             5.14922
328             5.14922
329             5.14922
330             5.14922
331             5.14922
332             5.14922
333             5.14922
334             5.14922
335             5.14922
336             5.12625
337             5.12625
338             5.12625
339             5.12625
340             5.12625
341             5.12625
342             5.12625
343             5.12625
344             5.12625
345             5.12625
346             5.12625
347             5.12625
348             5.12625
349             5.12625
350             5.12625
351             5.12625
352             5.12625
353             5.12625
354             5.12625
355             5.12625
356             5.12625
357             5.12625
358             5.12625
359             5.12625
360             5.12625
361             5.12625
362             5.12625
363             5.12625
364             5.12625
365             5.12625
366             5.12625
367             5.12625
368             5.12625
369             5.12625
370             5.12625
371             5.12625
372             5.12625
373             5.12625
374             5.12625
375             5.12625
376             5.12625
377             5.12625
378             5.12625
379             5.12625
380             5.12625
381             5.12625
382             5.12625
383             5.12625
384             5.12625
385             5.12625
386             5.12625
387             5.12625
388             5.12625
389             5.12625
390             5.12625
391             5.12625
392             5.12625
393             5.12625
394             5.12625
395             5.12625
396             5.12625
397             5.12625
398             5.12625
399             5.12625
400             5.12625
401             5.12625
402             5.12625
403             5.12625
404             5.12625
405             5.12625
406             5.12625
407             5.12625
408             5.12625
409             5.12625
410             5.12625
411             5.12625
412             5.12625
413             5.12625
414             5.12625
415             5.12625
416             5.12625
417             5.12625
418             5.12625
419             5.12625
420             5.12625
421             5.12625
422             5.12625
423             5.12625
424             5.12625
425             5.12625
426             5.12625
427             5.12625
428             5.12625
429             5.12625
430             5.12625
431             5.12625
432             5.12625
433             5.12625
434             5.12625
435             5.12625
436             5.12625
437             5.12625
438             5.12625
439             5.12625
440             5.12625
441             5.12625
442             5.12625
443             5.12625
444             5.12625
445             5.12625
446             5.12625
447             5.12625
448             5.12625
449             5.12625
450             5.12625
451             5.12625
452             5.12625
453             5.12625
454             5.12625
455             5.12625
456             5.12625
457             5.12625
458             5.12625
459             5.12625
460             5.12625
461             5.12625
462             5.12625
463             5.12625
464             5.12625
465             5.12625
466             5.12625
467             5.12625
468             5.12625
469             5.12625
470             5.12625
471             5.12625
472             5.12625
473             5.12625
474             5.12625
475             5.12625
476             5.12625
477             5.12625
478             5.12625
479             5.12625
480             5.12625
481             5.12625
482             5.12625
483             5.12625
484             5.12625
485             5.12625
486             5.12625
487             5.12625
488             5.12625
489             5.12625
490             5.12625
491             5.12625
492             5.12625
493             5.12625
494             5.12625
495             5.12625
496             5.12625
497             5.12625
498             5.12625
499             5.12625
500             5.12625
501             5.12625
502             5.12625
503             5.12625
504             5.12625
505             5.12625
506             5.12625
507             5.12625
508             5.12625
509             5.12625
510             5.12625
511             5.12625
512             5.12625
513             5.12625
514             5.12625
515             5.12625
516             5.12625
517             5.12625
518             5.12625
519             5.12625
520             5.12625
521             5.12625
522             5.12625
523             5.12625
524             5.12625
525             5.12625
526             5.12625
527             5.12625
528             5.12625
529             5.12625
530             5.12625
531             5.12625
532             5.12625
533             5.12625
534             5.12625
535             5.12625
536             5.12625
537             5.12625
538             5.12625
539             5.12625
540             5.12625
541             5.12625
542             5.12625
543             5.12625
544             5.12625
545             5.12625
546             5.12625
547             5.12625
548             5.12625
549             5.12625
550             5.12625
551             5.12625
552             5.12625
553             5.12625
554             5.12625
555             5.12625
556             5.12625
557             5.12625
558             5.12625
559             5.12625
560             5.12625
561             5.12625
562             5.12625
563             5.12625
564             5.12625
565             5.12625
566             5.12625
567             5.12625
568             5.12625
569             5.12625
570             5.12625
571             5.12625
572             5.12625
573             5.12625
574             5.12625
575             5.12625
576             5.12625
577             5.12625
578             5.12625
579             5.12625
580             5.12625
581             5.12625
582             5.12625
583             5.12625
584             5.12625
585             5.12625
586             5.12625
587             5.12625
588             5.12625
589             5.12625
590             5.12625
591             5.12625
592             5.12625
593             5.12625
594             5.12625
595             5.12625
596             5.12625
597             5.12625
598             5.12625
599             5.12625
600             5.12625
601             5.12625
602             5.12625
603             5.12625
604             5.12625
605             5.12625
606             5.12625
607             5.12625
608             5.12625
609             5.12625
610             5.12625
611             5.12625
612             5.12625
613             5.12625
614             5.12625
615             5.12625
616             5.12625
617             5.12625
618             5.12625
619             5.12625
620             5.12625
621             5.12625
622             5.12625
623             5.12625
624             5.12625
625             5.12625
626             5.12625
627             5.12625
628             5.12625
629             5.12625
630             5.12625
631             5.12625
632             5.12625
633             5.12625
634             5.12625
635             5.12625
636             5.12625
637             5.12625
638             5.12625
639             5.12625
640             5.12625
641             5.12625
642             5.12625
643             5.12625
644             5.12625
645             5.12625
646             5.12625
647             5.12625
648             5.12625
649             5.12625
650             5.12625
651             5.12625
652             5.12625
653             5.12625
654             5.12625
655             5.12625
656             5.12625
657             5.12625
658             5.12625
659             5.12625
660             5.12625
661             5.12625
662             5.12625
663             5.12625
664             5.12625
665             5.12625
666             5.12625
667             5.12625
668             5.12625
669             5.12625
670             5.12625
671             5.12625
672             5.12625
673             5.12625
674             5.12625
675             5.12625
676             5.12625
677             5.12625
678             5.12625
679             5.12625
680             5.12625
681             5.12625
682             5.12625
683             5.12625
684             5.12625
685             5.12625
686             5.12625
687             5.12625
688             5.12625
689             5.12625
690             5.12625
691             5.12625
692             5.12625
693             5.12625
694             5.12625
695             5.12625
696             5.12625
697             5.12625
698             5.12625
699             5.12625
700             5.12625
701             5.12625
702             5.12625
703             5.12625
704             5.12625
705             5.12625
706             5.12625
707             5.12625
708             5.12625
709             5.12625
710             5.12625
711             5.12625
712             5.12625
713             5.12625
714             5.12625
715             5.12625
716             5.12625
717             5.12625
718             5.12625
719             5.12625
720             5.12625
721             5.12625
722             5.12625
723             5.12625
724             5.12625
725             5.12625
726             5.12625
727             5.12625
728             5.12625
729             5.12625
730             5.12625
731             5.12625
732             5.12625
733             5.12625
734             5.12625
735             5.12625
736             5.12625
737             5.12625
738             5.12625
739             5.12625
740             5.12625
741             5.12625
742             5.12625
743             5.12625
744             5.12625
745             5.12625
746             5.12625
747             5.12625
748             5.12625
749             5.12625
750             5.12625
751             5.12625
752             5.12625
753             5.12625
754             5.12625
755             5.12625
756             5.12625
757             5.12625
758             5.12625
759             5.12625
760             5.12625
761             5.12625
762             5.12625
763             5.12625
764             5.12625
765             5.12625
766             5.12625
767             5.12625
768             5.12625
769             5.12625
770             5.12625
771             5.12625
772             5.12625
773             5.12625
774             5.12625
775             5.12625
776             5.12625
777             5.12625
778             5.12625
779             5.12625
780             5.12625
781             5.12625
782             5.12625
783             5.12625
784             5.12625
785             5.12625
786             5.12625
787             5.12625
788             5.12625
789             5.12625
790             5.12625
791             5.12625
792             5.12625
793             5.12625
794             5.12625
795             5.12625
796             5.12625
797             5.12625
798             5.12625
799             5.12625
800             5.12625
801             5.12625
802             5.12625
803             5.12625
804             5.12625
805             5.12625
806             5.12625
807             5.12625
808             5.12625
809             5.12625
810             5.12625
811             5.12625
812             5.12625
813             5.12625
814             5.12625
815             5.12625
816             5.12625
817             5.12625
818             5.12625
819             5.12625
820             5.12625
821             5.12625
822             5.12625
823             5.12625
824             5.12625
825             5.12625
826             5.12625
827             5.12625
828             5.12625
829             5.12625
830             5.12625
831             5.12625
832             5.12625
833             5.12625
834             5.12625
835             5.12625
836             5.12625
837             5.12625
838             5.12625
839             5.12625
840             5.12625
841             5.12625
842             5.12625
843             5.12625
844             5.12625
845             5.12625
846             5.12625
847             5.12625
848             5.12625
849             5.12625
850             5.12625
851             5.12625
852             5.12625
853             5.12625
854             5.12625
855             5.12625
856             5.12625
857             5.12625
858             5.12625
859             5.12625
860             5.12625
861             5.12625
862             5.12625
863             5.12625
864             5.12625
865             5.12625
866             5.12625
867             5.12625
868             5.12625
869             5.12625
870             5.12625
871             5.12625
872             5.12625
873             5.12625
874             5.12625
875             5.12625
876             5.12625
877             5.12625
878             5.12625
879             5.12625
880             5.12625
881             5.12625
882             5.12625
883             5.12625
884             5.12625
885             5.12625
886             5.12625
887             5.12625
888             5.12625
889             5.12625
890             5.12625
891             5.12625
892             5.12625
893             5.12625
894             5.12625
895             5.12625
896             5.12625
897             5.12625
898             5.12625
899             5.12625
900             5.12625
901             5.12625
902             5.12625
903             5.12625
904             5.12625
905             5.12625
906             5.12625
907             5.12625
908             5.12625
909             5.12625
910             5.12625
911             5.12625
912             5.12625
913             5.12625
914             5.12625
915             5.12625
916             5.12625
917             5.12625
918             5.12625
919             5.12625
920             5.12625
921             5.12625
922             5.12625
923             5.12625
924             5.12625
925             5.12625
926             5.12625
927             5.12625
928             5.12625
929             5.12625
930             5.12625
931             5.12625
932             5.12625
933             5.12625
934             5.12625
935             5.12625
936             5.12625
937             5.12625
938             5.12625
939             5.12625
940             5.12625
941             5.12625
942             5.12625
943             5.12625
944             5.12625
945             5.12625
946             5.12625
947             5.12625
948             5.12625
949             5.12625
950             5.12625
951             5.12625
952             5.12625
953             5.12625
954             5.12625
955             5.12625
956             5.12625
957             5.12625
958             5.12625
959             5.12625
960             5.12625
961             5.12625
962             5.12625
963             5.12625
964             5.12625
965             5.12625
966             5.12625
967             5.12625
968             5.12625
969             5.12625
970             5.12625
971             5.12625
972             5.12625
973             5.12625
974             5.12625
975             5.12625
976             5.12625
977             5.12625
978             5.12625
979             5.12625
980             5.12625
981             5.12625
982             5.12625
983             5.12625
984             5.12625
985             5.12625
986             5.12625
987             5.12625
988             5.12625
989             5.12625
990             5.12625
991             5.12625
992             5.12625
993             5.12625
994             5.12625
995             5.12625
996             5.12625
997             5.12625
998             5.12625
999             5.12625
1000             5.12625
