           1        1.65        1.65           0
           2        1.65        1.65           0
           3        1.65        1.65           0
           4        1.65        1.65           0
           5        1.65        1.65           0
           6        1.65        1.65           0
           7        1.65        1.65           0
           8        1.65        1.65           0
           9        1.65        1.65           0
          10        1.65        1.65           0
          11        1.65        1.65           0
          12        1.65        1.65           0
          13        1.65        1.65 5.84472e-09
          14        1.65        1.65 5.63211e-09
          15        1.65        1.65 7.69493e-09
          16        1.65        1.65 7.45058e-09
          17        1.65        1.65 7.22812e-09
          18        1.65        1.65 8.60319e-09
          19        1.65        1.65 8.37373e-09
          20        1.65        1.65  8.1617e-09
           1     1.58064     1.58064           0
           2     1.78891     1.68477   0.0736338
           3     1.78573     1.71843   0.0562557
           4     1.78769     1.73574   0.0447776
           5     1.80306     1.74921    0.037792
           1     1.82499     1.82499           0
           2      1.8056      1.8153  0.00685738
           3     1.77947     1.80335   0.0107697
           4     1.84736     1.81435   0.0124903
           5      1.8216      1.8158   0.0100759
           6      1.8437     1.82045  0.00940851
           7     1.84716     1.82427  0.00880393
           8     1.86555     1.82943  0.00909082
           9     1.86096     1.83293  0.00872975
          10     1.89131     1.83877  0.00961275
          11     1.85575     1.84031  0.00886193
          12      1.8465     1.84083  0.00813842
          13      1.8077     1.83828  0.00790136
          14     1.85417     1.83942  0.00741806
          15     1.85666     1.84057  0.00701203
          16      1.7947      1.8377   0.0071358
          17     1.86417     1.83926  0.00688385
          18     1.83213     1.83886  0.00651278
          19     1.82553     1.83816  0.00620767
          20     1.80925     1.83671   0.0060632
           1     1.71525     1.71525           0
           2     1.70031     1.70778   0.0052824
           3     1.62749     1.68102   0.0221348
           4     1.67035     1.67835   0.0167609
           5     1.64813     1.67231   0.0144576
           1     1.65492     1.65492           0
           2     1.62154     1.63823   0.0118011
           3      1.6595     1.64532  0.00976754
           4     1.68128     1.65431   0.0106904
           5     1.64629      1.6527  0.00867164
           6     1.63822     1.65029  0.00755491
           7     1.67836      1.6543  0.00746408
           8     1.65896     1.65488  0.00655377
           9     1.64013     1.65324  0.00602697
          10     1.66975     1.65489  0.00564574
          11     1.66623     1.65592  0.00522574
          12      1.6646     1.65665  0.00483998
          13     1.65922     1.65684  0.00447172
          14     1.67158      1.6579  0.00427441
          15     1.64541     1.65707  0.00406969
          16     1.66531     1.65758  0.00384779
          17     1.63006     1.65596  0.00394726
          18     1.67085     1.65679  0.00381365
          19      1.7261     1.66044  0.00506557
          20     1.67412     1.66112  0.00485825
           1     1.20465     1.20465           0
           2     1.20632     1.20549 0.000590459
           3     1.19841     1.20313  0.00196576
           4     1.20412     1.20338  0.00148968
           5     1.21088     1.20488  0.00179468
           1     1.20126     1.20126           0
           2     1.21004     1.20565  0.00310273
           3     1.20489      1.2054  0.00207884
           4     1.20633     1.20563  0.00157216
           5     1.20561     1.20563  0.00125773
           6     1.20905      1.2062  0.00117024
           7     1.21274     1.20713  0.00132485
           8     1.20133     1.20641  0.00134309
           9     1.21015     1.20682  0.00125673
          10     1.20231     1.20637  0.00120924
          11     1.20443      1.2062  0.00111212
          12     1.21092     1.20659  0.00108702
          13     1.20418      1.2064  0.00101902
          14     1.19834     1.20583  0.00109695
          15     1.20899     1.20604   0.0010439
          16     1.20109     1.20573  0.00102346
          17     1.19879     1.20532  0.00104142
          18     1.21078     1.20562  0.00102672
          19     1.20952     1.20583 0.000992946
          20     1.19953     1.20551 0.000992043
           1     1.71525     1.71525           0
           2     1.70031     1.70778   0.0052824
           3     1.62749     1.68102   0.0221348
           4     1.67035     1.67835   0.0167609
           5     1.64813     1.67231   0.0144576
           1     1.65492     1.65492           0
           2     1.62154     1.63823   0.0118011
           3      1.6595     1.64532  0.00976754
           4     1.68128     1.65431   0.0106904
           5     1.64629      1.6527  0.00867164
           6     1.63822     1.65029  0.00755491
           7     1.67836      1.6543  0.00746408
           8     1.65896     1.65488  0.00655377
           9     1.64013     1.65324  0.00602697
          10     1.66975     1.65489  0.00564574
          11     1.66623     1.65592  0.00522574
          12      1.6646     1.65665  0.00483998
          13     1.65922     1.65684  0.00447172
          14     1.67158      1.6579  0.00427441
          15     1.64541     1.65707  0.00406969
          16     1.66531     1.65758  0.00384779
          17     1.63006     1.65596  0.00394726
          18     1.67085     1.65679  0.00381365
          19      1.7261     1.66044  0.00506557
          20     1.67412     1.66112  0.00485825
           1     1.58064     1.58064           0
           2     1.78891     1.68477   0.0736338
           3     1.78573     1.71843   0.0562557
           4     1.78769     1.73574   0.0447776
           5     1.80306     1.74921    0.037792
           1     1.82499     1.82499           0
           2      1.8056      1.8153  0.00685738
           3     1.77947     1.80335   0.0107697
           4     1.84736     1.81435   0.0124903
           5      1.8216      1.8158   0.0100759
           6      1.8437     1.82045  0.00940851
           7     1.84716     1.82427  0.00880393
           8     1.86555     1.82943  0.00909082
           9     1.86096     1.83293  0.00872975
          10     1.89131     1.83877  0.00961275
          11     1.85575     1.84031  0.00886193
          12      1.8465     1.84083  0.00813842
          13      1.8077     1.83828  0.00790136
          14     1.85417     1.83942  0.00741806
          15     1.85666     1.84057  0.00701203
          16      1.7947      1.8377   0.0071358
          17     1.86417     1.83926  0.00688385
          18     1.83213     1.83886  0.00651278
          19     1.82553     1.83816  0.00620767
          20     1.80925     1.83671   0.0060632
