           1    -3.36457    -3.36457           0
           2    -3.40005    -3.38231   0.0125421
           3    -3.38439      -3.383  0.00838058
           4    -3.38773    -3.38418  0.00636819
           5    -3.36415    -3.38018   0.0062288
           6    -3.39974    -3.38344  0.00598348
           7     -3.3874      -3.384  0.00515539
           8     -3.3881    -3.38452  0.00453627
           9    -3.38619     -3.3847  0.00403605
          10    -3.39413    -3.38564   0.0037409
          11    -3.37956    -3.38509  0.00344151
          12    -3.38201    -3.38483  0.00316425
          13    -3.39856    -3.38589  0.00309189
          14    -3.38585    -3.38589  0.00287104
          15    -3.39321    -3.38637  0.00272081
          16    -3.38967    -3.38658  0.00255853
          17    -3.39133    -3.38686  0.00242322
          18    -3.38657    -3.38684  0.00228865
          19    -3.37966    -3.38647  0.00219916
          20    -3.37501    -3.38589  0.00216251
           1     1.46735     1.46735           0
           2     1.46714     1.46725 7.24506e-05
           3     1.46714     1.46721 5.60058e-05
           4     1.46714     1.46719  4.4537e-05
           5     1.46711     1.46718 3.89905e-05
           1     1.46733     1.46733           0
           2     1.46733     1.46733 1.29349e-06
           3     1.46727     1.46731 1.68961e-05
           4     1.46727      1.4673 1.50938e-05
           5     1.46734     1.46731 1.35807e-05
           6     1.46734     1.46731 1.22355e-05
           7     1.46726     1.46731 1.31337e-05
           8     1.46722      1.4673 1.53844e-05
           9     1.46723     1.46729 1.52251e-05
          10      1.4673     1.46729 1.37258e-05
          11     1.46734     1.46729 1.33431e-05
          12     1.46742      1.4673 1.60561e-05
          13     1.46736     1.46731 1.54175e-05
          14      1.4673     1.46731 1.43324e-05
          15     1.46739     1.46731 1.44592e-05
          16     1.46737     1.46732 1.39735e-05
          17     1.46734     1.46732 1.32282e-05
          18     1.46739     1.46732 1.30277e-05
          19     1.46734     1.46732  1.2362e-05
          20     1.46735     1.46732 1.18006e-05
           1    -3.34769    -3.34769           0
           2    -3.34997    -3.34883 0.000805868
           3    -3.34763    -3.34843  0.00062787
           4    -3.34806    -3.34834 0.000477728
           5    -3.34628    -3.34793 0.000530159
           1    -3.34815    -3.34815           0
           2    -3.34764    -3.34789 0.000179668
           3    -3.34854    -3.34811 0.000212633
           4    -3.34828    -3.34815 0.000163532
           5    -3.35023    -3.34856 0.000393695
           6    -3.34818     -3.3485 0.000333179
           7    -3.34956    -3.34865  0.00031816
           8    -3.34832    -3.34861 0.000281109
           9    -3.34723    -3.34846 0.000288844
          10    -3.34718    -3.34833 0.000286685
          11     -3.3479    -3.34829 0.000263272
          12    -3.34758    -3.34823  0.00024796
          13    -3.35095    -3.34844 0.000304676
          14    -3.34953    -3.34852 0.000292625
          15    -3.34875    -3.34853 0.000273529
          16    -3.34811    -3.34851 0.000257731
          17    -3.34902    -3.34854 0.000244317
          18    -3.34841    -3.34853 0.000230843
          19    -3.35005    -3.34861 0.000232163
          20    -3.35089    -3.34872 0.000247064
           1    -5.44911    -5.44911           0
           2    -5.44797    -5.44854  0.00040368
           3     -5.4477    -5.44826   0.0003537
           4    -5.44865    -5.44836 0.000278584
           5    -5.44662    -5.44801 0.000383378
           1    -5.44828    -5.44828           0
           2    -5.44781    -5.44805 0.000167332
           3    -5.44807    -5.44805 0.000111785
           4    -5.44842    -5.44815 0.000114633
           5    -5.44783    -5.44808 0.000107213
           6    -5.44919    -5.44827 0.000190208
           7    -5.44853    -5.44831 0.000166807
           8    -5.44791    -5.44826 0.000153265
           9    -5.44861     -5.4483 0.000141342
          10    -5.44819    -5.44828 0.000127599
          11    -5.44779    -5.44824 0.000123523
          12    -5.44856    -5.44827 0.000116079
          13    -5.44686    -5.44816 0.000149276
          14    -5.44835    -5.44817 0.000139233
          15     -5.4483    -5.44818 0.000130219
          16    -5.44844     -5.4482 0.000123098
          17    -5.44742    -5.44815 0.000124095
          18    -5.44797    -5.44814 0.000117608
          19    -5.44824    -5.44815 0.000111542
          20    -5.44861    -5.44817 0.000108379
           1    -3.34769    -3.34769           0
           2    -3.34997    -3.34883 0.000805868
           3    -3.34763    -3.34843  0.00062787
           4    -3.34806    -3.34834 0.000477728
           5    -3.34628    -3.34793 0.000530159
           1    -3.34815    -3.34815           0
           2    -3.34764    -3.34789 0.000179668
           3    -3.34854    -3.34811 0.000212633
           4    -3.34828    -3.34815 0.000163532
           5    -3.35023    -3.34856 0.000393695
           6    -3.34818     -3.3485 0.000333179
           7    -3.34956    -3.34865  0.00031816
           8    -3.34832    -3.34861 0.000281109
           9    -3.34723    -3.34846 0.000288844
          10    -3.34718    -3.34833 0.000286685
          11     -3.3479    -3.34829 0.000263272
          12    -3.34758    -3.34823  0.00024796
          13    -3.35095    -3.34844 0.000304676
          14    -3.34953    -3.34852 0.000292625
          15    -3.34875    -3.34853 0.000273529
          16    -3.34811    -3.34851 0.000257731
          17    -3.34902    -3.34854 0.000244317
          18    -3.34841    -3.34853 0.000230843
          19    -3.35005    -3.34861 0.000232163
          20    -3.35089    -3.34872 0.000247064
           1     1.46735     1.46735           0
           2     1.46714     1.46725 7.24506e-05
           3     1.46714     1.46721 5.60058e-05
           4     1.46714     1.46719  4.4537e-05
           5     1.46711     1.46718 3.89905e-05
           1     1.46733     1.46733           0
           2     1.46733     1.46733 1.29349e-06
           3     1.46727     1.46731 1.68961e-05
           4     1.46727      1.4673 1.50938e-05
           5     1.46734     1.46731 1.35807e-05
           6     1.46734     1.46731 1.22355e-05
           7     1.46726     1.46731 1.31337e-05
           8     1.46722      1.4673 1.53844e-05
           9     1.46723     1.46729 1.52251e-05
          10      1.4673     1.46729 1.37258e-05
          11     1.46734     1.46729 1.33431e-05
          12     1.46742      1.4673 1.60561e-05
          13     1.46736     1.46731 1.54175e-05
          14      1.4673     1.46731 1.43324e-05
          15     1.46739     1.46731 1.44592e-05
          16     1.46737     1.46732 1.39735e-05
          17     1.46734     1.46732 1.32282e-05
          18     1.46739     1.46732 1.30277e-05
          19     1.46734     1.46732  1.2362e-05
          20     1.46735     1.46732 1.18006e-05
