Generation              Length
0             1045.75
1             988.891
2             933.886
3             894.596
4             857.291
5             799.004
6             772.132
7              745.32
8             717.142
9             694.048
10             653.595
11              651.39
12             643.623
13             634.547
14             625.356
15             596.802
16             588.892
17              578.68
18             566.978
19             552.408
20             524.838
21             519.824
22             506.959
23               499.1
24             488.584
25             465.829
26              464.29
27             458.811
28             450.738
29             443.246
30             422.957
31             421.949
32              416.33
33             413.852
34             407.521
35             391.339
36             391.455
37             390.516
38             388.556
39             384.775
40             372.066
41             373.103
42               374.9
43             374.004
44             373.881
45             361.653
46              364.28
47             364.999
48             364.283
49             363.399
50             353.016
51             354.904
52             356.113
53             356.421
54             356.932
55              345.22
56             347.914
57              348.64
58             349.646
59             348.852
60             335.964
61             336.727
62             337.414
63              335.82
64                 335
65             325.387
66             326.367
67             326.384
68              325.11
69             324.326
70             317.237
71             319.027
72             319.799
73             320.678
74              320.79
75             312.552
76             313.901
77             315.183
78             314.458
79             314.712
80             306.731
81             307.416
82             307.636
83             308.746
84             307.992
85             302.216
86             303.284
87             304.312
88             304.858
89             305.222
90             299.519
91             301.482
92             302.666
93             304.262
94              303.88
95             296.667
96             298.561
97             300.586
98             300.956
99             302.524
100             294.566
101             296.384
102             297.159
103             297.903
104             298.735
105             291.502
106             293.686
107             296.441
108             297.362
109             297.936
110             289.887
111              290.88
112              291.53
113             291.471
114             292.924
115             286.425
116               287.1
117             288.741
118             288.483
119             288.398
120             284.616
121             286.045
122             287.376
123             288.099
124             289.853
125             284.934
126             286.413
127              287.43
128             288.567
129             289.599
130             284.501
131             286.008
132             287.484
133             288.127
134             288.879
135              283.45
136             284.025
137              285.51
138             287.139
139             287.409
140             283.081
141             284.407
142             285.826
143             287.612
144             289.208
145              282.12
146             282.765
147             284.247
148              286.13
149             286.736
150             281.613
151             282.781
152             284.477
153             285.242
154             285.405
155             280.849
156             282.832
157             285.339
158             287.865
159             288.943
160             281.489
161             283.432
162             284.492
163             284.659
164             285.314
165             280.217
166             282.797
167             284.334
168             286.655
169             287.361
170             280.935
171             284.357
172             285.592
173             285.851
174             288.427
175             281.605
176             284.912
177             288.287
178             288.272
179             289.557
180             281.884
181             284.448
182             287.793
183             289.115
184             288.229
185             280.066
186             282.057
187             282.136
188             282.722
189             281.656
190             276.209
191             277.002
192             278.291
193               278.8
194             278.438
195             274.626
196             275.491
197             276.375
198               277.5
199             278.606
200             274.294
201             275.229
202             276.168
203             276.861
204             277.479
205             274.369
206              275.07
207              275.05
208             276.309
209             276.468
210             274.209
211             274.965
212             276.067
213             276.429
214             277.982
215             274.372
216             275.098
217              276.08
218             277.075
219             277.421
220             274.521
221             275.534
222             276.526
223              277.17
224             278.483
225             274.252
226             274.819
227             275.065
228             276.117
229             277.953
230             273.746
231             274.822
232             274.629
233             275.096
234             275.303
235             272.286
236              272.56
237             273.642
238             274.398
239             274.921
240             271.437
241             272.468
242             273.419
243             273.903
244             275.051
245             271.662
246             272.309
247             273.901
248             274.542
249             275.265
250             271.358
251             272.124
252               273.6
253             274.104
254             275.526
255              271.54
256             272.574
257             273.335
258             274.141
259             274.387
260             271.381
261             272.656
262               273.2
263             274.138
264             275.102
265             271.529
266             272.138
267             273.029
268             274.132
269             274.472
270             271.403
271             272.048
272             272.752
273             273.476
274             273.959
275             271.248
276             271.387
277             271.838
278             272.709
279             273.018
280             271.327
281             271.911
282             272.884
283             274.287
284             275.951
285             271.651
286             272.294
287              272.97
288             273.281
289             274.254
290             271.528
291             272.412
292             273.075
293             274.581
294             274.977
295              271.49
296             272.402
297             273.193
298             274.044
299             275.066
300             271.375
301             272.276
302             273.529
303             274.026
304             274.262
305             271.299
306             271.709
307             272.781
308             273.655
309             274.081
310              271.27
311              272.14
312             272.994
313             274.004
314             274.557
315             271.407
316              271.88
317             273.342
318             273.796
319             275.025
320             271.463
321             272.037
322             273.733
323             274.568
324             274.175
325             271.568
326             272.243
327             273.203
328             273.763
329              273.65
330             271.467
331             272.427
332             273.073
333             274.259
334              274.72
335              271.39
336              271.85
337             272.687
338             273.613
339             274.239
340             271.591
341             272.291
342             273.947
343             274.648
344             275.255
345             271.326
346               272.1
347              273.33
348             274.389
349             274.703
350             271.397
351             272.448
352             273.454
353              274.05
354             274.644
355             271.293
356             271.872
357             272.469
358             273.001
359             273.928
360             271.262
361             271.813
362             272.935
363             274.164
364             274.781
365             271.464
366             272.455
367             273.437
368             274.433
369             275.035
370             271.696
371             272.755
372              273.73
373             274.667
374             274.146
375             271.276
376             271.596
377             272.767
378             273.822
379             273.597
380             271.244
381             271.408
382              272.04
383             273.002
384             274.769
385             271.486
386             271.791
387             272.943
388             274.135
389             274.891
390              271.33
391             271.955
392              273.35
393             273.868
394             274.826
395             271.285
396             271.944
397              272.67
398             274.883
399             276.871
400              271.75
401             272.411
402             273.576
403             273.738
404             274.575
405             271.712
406             272.458
407             273.542
408              274.38
409             275.011
410             271.426
411             272.262
412             273.736
413              273.73
414             275.217
415             271.487
416             272.196
417             272.969
418             274.266
419             273.865
420             271.365
421             272.228
422             273.171
423             274.431
424             275.622
425             271.672
426             272.189
427             272.978
428             274.491
429             275.224
430             271.936
431             272.923
432              273.92
433             274.843
434             275.176
435             271.513
436             272.406
437             273.692
438             273.961
439             274.915
440             271.415
441              272.35
442             273.653
443             274.086
444             274.568
445              271.34
446             271.944
447             272.944
448             274.318
449             275.394
450             271.713
451              272.09
452             272.667
453             273.627
454             274.835
455             271.548
456             272.397
457             272.567
458              273.94
459             274.915
460             271.478
461             272.178
462             272.482
463             273.565
464             273.801
465             271.259
466             271.961
467             272.228
468             273.309
469             274.671
470             271.348
471             272.347
472             272.911
473             274.094
474             275.228
475             271.705
476             272.241
477             273.393
478             274.825
479             275.276
480             271.502
481             272.531
482              273.85
483             275.024
484             275.716
485             271.529
486             272.553
487             273.506
488              274.25
489             274.925
490             271.463
491             272.205
492             273.088
493             274.204
494             275.426
495             271.604
496               272.4
497             273.341
498             273.572
499             274.827
500             271.577
